"W1","A1","W2","A2","W3","A3","W4","A4","W5","A5","W6","A6","W7","A7","W8","A8","W9","A9","W10","A10","W11","A11","W12","A12","W13","A13","W14","A14","W15","A15","W16","A16","W17","A17","W18","A18","W19","A19","W20","A20","W21","A21","W22","A22","W23","A23","W24","A24","W25","A25","W26","A26","W27","A27","W28","A28","W29","A29","W30","A30","W31","A31","W32","A32","W33","A33","W34","A34","W35","A35","W36","A36","W37","A37","W38","A38","W39","A39","W40","A40","W41","A41","W42","A42","W43","A43","W44","A44","W45","A45","W46","A46","W47","A47","W48","A48","W49","A49","W50","A50","W51","A51","W52","A52","W53","A53","W54","A54","Top1","Top5"
0.275181651115417,0.696200251579285,0.19159471988678,0.427627682685852,0.027288556098938,0.414586424827576,0.814582705497742,0.191784024238586,0.359610199928284,0.542698264122009,0.938498377799988,0.0150014162063599,0.593456864356995,0.27111828327179,0.879332900047302,0.994016766548157,0.316243290901184,0.632453799247742,0.212388157844543,0.640917420387268,0.49988853931427,0.173671364784241,0.224614977836609,0.114713311195374,0.999102473258972,0.204217791557312,0.0866225957870483,0.113799452781677,0.0232905149459839,0.741765379905701,0.751858115196228,0.83849561214447,0.378052592277527,0.188454985618591,0.0568848848342896,0.823001742362976,0.153053879737854,0.993359923362732,0.10375964641571,0.109241127967834,0.183731913566589,0.41455614566803,0.26431667804718,0.585071682929993,0.499377369880676,0.717283129692078,0.368379950523376,0.932108759880066,0.342976450920105,0.976049065589905,0.774274468421936,0.624990105628967,0.820639491081238,0.686660408973694,0.522200703620911,0.278621792793274,0.65283739566803,0.286473870277405,0.362280964851379,0.278677821159363,0.825672507286072,0.920751452445984,0.535223126411438,0.538883566856384,0.345256686210632,0.802637934684753,0.482887625694275,0.702767968177795,0.193733811378479,0.486778378486633,0.316386818885803,0.963244318962097,0.564439415931702,0.986590981483459,0.860002875328064,0.47764790058136,0.304415345191956,0.750765919685364,0.574128746986389,0.850281596183777,0.832094073295593,0.488831877708435,0.491054177284241,0.994668841362,0.419717907905579,0.324472784996033,0.471888422966003,0.66770350933075,0.708061337471008,0.664488673210144,0.666998267173767,0.422788977622986,0.76616632938385,0.495297074317932,0.841000199317932,0.281620144844055,0.14805543422699,0.671978116035461,0.491551756858826,0.0579818487167358,0.929029583930969,0.431049466133118,0.30131995677948,0.247563004493713,0.872394680976868,0.584705948829651,0.0770004987716675,0.152577042579651,50.48,76.83
0.212681651115417,0.133700251579285,0.12909471988678,0.115127682685852,0.839788556098938,0.602086424827576,0.502082705497742,0.00428402423858643,0.672110199928284,0.855198264122009,0.500998377799988,0.57750141620636,0.780956864356995,0.70861828327179,0.0668329000473022,0.0565167665481567,0.128743290901184,0.444953799247742,0.399888157844543,0.703417420387268,0.81238853931427,0.736171364784241,0.412114977836609,0.552213311195374,0.311602473258972,0.016717791557312,0.899122595787048,0.176299452781677,0.585790514945984,0.429265379905701,0.439358115196228,0.27599561214447,0.565552592277527,0.625954985618591,0.11938488483429,0.635501742362976,0.465553879737854,0.555859923362732,0.29125964641571,0.171741127967834,0.996231913566589,0.47705614566803,0.70181667804718,0.522571682929993,0.686877369880676,0.904783129692078,0.180879950523376,0.744608759880066,0.530476450920105,0.413549065589905,0.961774468421936,0.437490105628967,0.758139491081238,0.874160408973694,0.584700703620911,0.591121792793274,0.34033739566803,0.0989738702774048,0.924780964851379,0.466177821159363,0.638172507286072,0.858251452445984,0.972723126411438,0.351383566856384,0.407756686210632,0.990137934684753,0.795387625694275,0.265267968177795,0.131233811378479,0.424278378486633,0.378886818885803,0.0257443189620972,0.501939415931702,0.424090981483459,0.672502875328064,0.41514790058136,0.366915345191956,0.938265919685364,0.636628746986389,0.662781596183777,0.144594073295593,0.176331877708435,0.553554177284241,0.432168841362,0.357217907905579,0.386972784996033,0.784388422966003,0.60520350933075,0.270561337471008,0.601988673210144,0.104498267173767,0.110288977622986,0.20366632938385,0.0577970743179321,0.528500199317932,0.344120144844055,0.0855554342269897,0.484478116035461,0.929051756858826,0.995481848716736,0.366529583930969,0.993549466133118,0.86381995677948,0.0600630044937134,0.809894680976868,0.0222059488296509,0.0145004987716675,0.840077042579651,44.68,70.5
0.712681651115417,0.633700251579285,0.62909471988678,0.615127682685852,0.339788556098938,0.102086424827576,0.0020827054977417,0.504284024238586,0.172110199928284,0.355198264122009,0.000998377799987793,0.0775014162063599,0.280956864356995,0.20861828327179,0.566832900047302,0.556516766548157,0.628743290901184,0.944953799247742,0.899888157844543,0.203417420387268,0.31238853931427,0.236171364784241,0.912114977836609,0.0522133111953735,0.811602473258972,0.516717791557312,0.399122595787048,0.676299452781677,0.0857905149459839,0.929265379905701,0.939358115196228,0.77599561214447,0.0655525922775269,0.125954985618591,0.61938488483429,0.135501742362976,0.965553879737854,0.0558599233627319,0.79125964641571,0.671741127967834,0.496231913566589,0.97705614566803,0.20181667804718,0.0225716829299927,0.186877369880676,0.404783129692078,0.680879950523376,0.244608759880066,0.030476450920105,0.913549065589905,0.461774468421936,0.937490105628967,0.258139491081238,0.374160408973694,0.0847007036209106,0.0911217927932739,0.84033739566803,0.598973870277405,0.424780964851379,0.966177821159363,0.138172507286072,0.358251452445984,0.472723126411438,0.851383566856384,0.907756686210632,0.490137934684753,0.295387625694275,0.765267968177795,0.631233811378479,0.924278378486633,0.878886818885803,0.525744318962097,0.00193941593170166,0.924090981483459,0.172502875328064,0.91514790058136,0.866915345191956,0.438265919685364,0.136628746986389,0.162781596183777,0.644594073295593,0.676331877708435,0.0535541772842407,0.932168841362,0.857217907905579,0.886972784996033,0.284388422966003,0.10520350933075,0.770561337471008,0.101988673210144,0.604498267173767,0.610288977622986,0.70366632938385,0.557797074317932,0.0285001993179321,0.844120144844055,0.58555543422699,0.984478116035461,0.429051756858826,0.495481848716736,0.866529583930969,0.493549466133118,0.36381995677948,0.560063004493713,0.309894680976868,0.522205948829651,0.514500498771667,0.340077042579651,59.02,83.25
0.962681651115417,0.383700251579285,0.87909471988678,0.365127682685852,0.089788556098938,0.852086424827576,0.252082705497742,0.254284024238586,0.922110199928284,0.105198264122009,0.750998377799988,0.32750141620636,0.530956864356995,0.45861828327179,0.316832900047302,0.806516766548157,0.878743290901184,0.194953799247742,0.649888157844543,0.953417420387268,0.06238853931427,0.986171364784241,0.662114977836609,0.802213311195374,0.0616024732589722,0.766717791557312,0.149122595787048,0.926299452781677,0.835790514945984,0.679265379905701,0.189358115196228,0.52599561214447,0.815552592277527,0.875954985618591,0.86938488483429,0.885501742362976,0.715553879737854,0.305859923362732,0.54125964641571,0.421741127967834,0.246231913566589,0.22705614566803,0.45181667804718,0.272571682929993,0.436877369880676,0.654783129692078,0.430879950523376,0.494608759880066,0.780476450920105,0.163549065589905,0.211774468421936,0.687490105628967,0.508139491081238,0.624160408973694,0.334700703620911,0.841121792793274,0.0903373956680298,0.348973870277405,0.174780964851379,0.216177821159363,0.388172507286072,0.608251452445984,0.222723126411438,0.601383566856384,0.157756686210632,0.740137934684753,0.0453876256942749,0.515267968177795,0.881233811378479,0.674278378486633,0.128886818885803,0.775744318962097,0.251939415931702,0.174090981483459,0.422502875328064,0.66514790058136,0.616915345191956,0.688265919685364,0.886628746986389,0.412781596183777,0.394594073295593,0.426331877708435,0.303554177284241,0.182168841362,0.107217907905579,0.136972784996033,0.0343884229660034,0.85520350933075,0.0205613374710083,0.851988673210144,0.854498267173767,0.360288977622986,0.45366632938385,0.807797074317932,0.778500199317932,0.0941201448440552,0.33555543422699,0.734478116035461,0.679051756858826,0.245481848716736,0.116529583930969,0.243549466133118,0.11381995677948,0.310063004493713,0.559894680976868,0.772205948829651,0.264500498771667,0.590077042579651,68.39,89.8
0.462681651115417,0.883700251579285,0.37909471988678,0.865127682685852,0.589788556098938,0.352086424827576,0.752082705497742,0.754284024238586,0.422110199928284,0.605198264122009,0.250998377799988,0.82750141620636,0.0309568643569946,0.95861828327179,0.816832900047302,0.306516766548157,0.378743290901184,0.694953799247742,0.149888157844543,0.453417420387268,0.56238853931427,0.486171364784241,0.162114977836609,0.302213311195374,0.561602473258972,0.266717791557312,0.649122595787048,0.426299452781677,0.335790514945984,0.179265379905701,0.689358115196228,0.0259956121444702,0.315552592277527,0.375954985618591,0.36938488483429,0.385501742362976,0.215553879737854,0.805859923362732,0.0412596464157104,0.921741127967834,0.746231913566589,0.72705614566803,0.95181667804718,0.772571682929993,0.936877369880676,0.154783129692078,0.930879950523376,0.994608759880066,0.280476450920105,0.663549065589905,0.711774468421936,0.187490105628967,0.00813949108123779,0.124160408973694,0.834700703620911,0.341121792793274,0.59033739566803,0.848973870277405,0.674780964851379,0.716177821159363,0.888172507286072,0.108251452445984,0.722723126411438,0.101383566856384,0.657756686210632,0.240137934684753,0.545387625694275,0.0152679681777954,0.381233811378479,0.174278378486633,0.628886818885803,0.275744318962097,0.751939415931702,0.674090981483459,0.922502875328064,0.16514790058136,0.116915345191956,0.188265919685364,0.386628746986389,0.912781596183777,0.894594073295593,0.926331877708435,0.803554177284241,0.682168841362,0.607217907905579,0.636972784996033,0.534388422966003,0.35520350933075,0.520561337471008,0.351988673210144,0.354498267173767,0.860288977622986,0.95366632938385,0.307797074317932,0.278500199317932,0.594120144844055,0.83555543422699,0.234478116035461,0.179051756858826,0.745481848716736,0.616529583930969,0.743549466133118,0.61381995677948,0.810063004493713,0.0598946809768677,0.272205948829651,0.764500498771667,0.0900770425796509,60.24,83.65
0.837681651115417,0.758700251579285,0.00409471988677979,0.740127682685852,0.714788556098938,0.977086424827576,0.127082705497742,0.129284024238586,0.0471101999282837,0.730198264122009,0.375998377799988,0.70250141620636,0.405956864356995,0.33361828327179,0.191832900047302,0.681516766548157,0.00374329090118408,0.569953799247742,0.524888157844543,0.828417420387268,0.68738853931427,0.611171364784241,0.287114977836609,0.927213311195374,0.936602473258972,0.391717791557312,0.0241225957870483,0.551299452781677,0.210790514945984,0.304265379905701,0.064358115196228,0.65099561214447,0.940552592277527,0.250954985618591,0.24438488483429,0.0105017423629761,0.090553879737854,0.430859923362732,0.91625964641571,0.0467411279678345,0.871231913566589,0.60205614566803,0.82681667804718,0.897571682929993,0.0618773698806763,0.779783129692078,0.0558799505233765,0.369608759880066,0.905476450920105,0.538549065589905,0.086774468421936,0.562490105628967,0.133139491081238,0.999160408973694,0.209700703620911,0.716121792793274,0.46533739566803,0.473973870277405,0.299780964851379,0.841177821159363,0.763172507286072,0.483251452445984,0.347723126411438,0.476383566856384,0.0327566862106323,0.865137934684753,0.420387625694275,0.140267968177795,0.756233811378479,0.799278378486633,0.503886818885803,0.400744318962097,0.626939415931702,0.799090981483459,0.547502875328064,0.54014790058136,0.741915345191956,0.813265919685364,0.511628746986389,0.287781596183777,0.269594073295593,0.801331877708435,0.428554177284241,0.557168841362,0.982217907905579,0.511972784996033,0.159388422966003,0.23020350933075,0.645561337471008,0.726988673210144,0.729498267173767,0.485288977622986,0.82866632938385,0.182797074317932,0.903500199317932,0.969120144844055,0.96055543422699,0.609478116035461,0.304051756858826,0.370481848716736,0.241529583930969,0.868549466133118,0.23881995677948,0.685063004493713,0.934894680976868,0.647205948829651,0.889500498771667,0.465077042579651,42.75,70.03
0.337681651115417,0.258700251579285,0.50409471988678,0.240127682685852,0.214788556098938,0.477086424827576,0.627082705497742,0.629284024238586,0.547110199928284,0.230198264122009,0.875998377799988,0.20250141620636,0.905956864356995,0.83361828327179,0.691832900047302,0.181516766548157,0.503743290901184,0.0699537992477417,0.0248881578445435,0.328417420387268,0.18738853931427,0.111171364784241,0.787114977836609,0.427213311195374,0.436602473258972,0.891717791557312,0.524122595787048,0.0512994527816772,0.710790514945984,0.804265379905701,0.564358115196228,0.15099561214447,0.440552592277527,0.750954985618591,0.74438488483429,0.510501742362976,0.590553879737854,0.930859923362732,0.41625964641571,0.546741127967834,0.371231913566589,0.10205614566803,0.32681667804718,0.397571682929993,0.561877369880676,0.279783129692078,0.555879950523376,0.869608759880066,0.405476450920105,0.0385490655899048,0.586774468421936,0.0624901056289673,0.633139491081238,0.499160408973694,0.709700703620911,0.216121792793274,0.96533739566803,0.973973870277405,0.799780964851379,0.341177821159363,0.263172507286072,0.983251452445984,0.847723126411438,0.976383566856384,0.532756686210632,0.365137934684753,0.920387625694275,0.640267968177795,0.256233811378479,0.299278378486633,0.00388681888580322,0.900744318962097,0.126939415931702,0.299090981483459,0.047502875328064,0.0401479005813599,0.241915345191956,0.313265919685364,0.0116287469863892,0.787781596183777,0.769594073295593,0.301331877708435,0.928554177284241,0.0571688413619995,0.482217907905579,0.0119727849960327,0.659388422966003,0.73020350933075,0.145561337471008,0.226988673210144,0.229498267173767,0.985288977622986,0.32866632938385,0.682797074317932,0.403500199317932,0.469120144844055,0.46055543422699,0.109478116035461,0.804051756858826,0.870481848716736,0.741529583930969,0.368549466133118,0.73881995677948,0.185063004493713,0.434894680976868,0.147205948829651,0.389500498771667,0.965077042579651,68.92,89.8
0.0876816511154175,0.508700251579285,0.75409471988678,0.990127682685852,0.464788556098938,0.727086424827576,0.877082705497742,0.379284024238586,0.297110199928284,0.480198264122009,0.125998377799988,0.45250141620636,0.155956864356995,0.58361828327179,0.441832900047302,0.431516766548157,0.753743290901184,0.819953799247742,0.274888157844543,0.578417420387268,0.43738853931427,0.861171364784241,0.537114977836609,0.677213311195374,0.686602473258972,0.641717791557312,0.774122595787048,0.301299452781677,0.460790514945984,0.554265379905701,0.314358115196228,0.40099561214447,0.690552592277527,0.000954985618591309,0.99438488483429,0.260501742362976,0.840553879737854,0.680859923362732,0.16625964641571,0.296741127967834,0.121231913566589,0.85205614566803,0.0768166780471802,0.147571682929993,0.811877369880676,0.529783129692078,0.305879950523376,0.619608759880066,0.655476450920105,0.788549065589905,0.836774468421936,0.312490105628967,0.383139491081238,0.749160408973694,0.959700703620911,0.966121792793274,0.21533739566803,0.223973870277405,0.549780964851379,0.591177821159363,0.0131725072860718,0.233251452445984,0.597723126411438,0.726383566856384,0.282756686210632,0.615137934684753,0.670387625694275,0.890267968177795,0.006233811378479,0.0492783784866333,0.753886818885803,0.650744318962097,0.376939415931702,0.549090981483459,0.297502875328064,0.29014790058136,0.491915345191956,0.563265919685364,0.761628746986389,0.537781596183777,0.0195940732955933,0.551331877708435,0.678554177284241,0.807168841362,0.732217907905579,0.761972784996033,0.909388422966003,0.48020350933075,0.895561337471008,0.976988673210144,0.479498267173767,0.235288977622986,0.57866632938385,0.932797074317932,0.653500199317932,0.719120144844055,0.71055543422699,0.359478116035461,0.0540517568588257,0.620481848716736,0.491529583930969,0.118549466133118,0.98881995677948,0.935063004493713,0.684894680976868,0.397205948829651,0.639500498771667,0.215077042579651,42.46,69
0.587681651115417,0.00870025157928467,0.25409471988678,0.490127682685852,0.964788556098938,0.227086424827576,0.377082705497742,0.879284024238586,0.797110199928284,0.980198264122009,0.625998377799988,0.95250141620636,0.655956864356995,0.0836182832717896,0.941832900047302,0.931516766548157,0.253743290901184,0.319953799247742,0.774888157844543,0.0784174203872681,0.93738853931427,0.361171364784241,0.0371149778366089,0.177213311195374,0.186602473258972,0.141717791557312,0.274122595787048,0.801299452781677,0.960790514945984,0.0542653799057007,0.814358115196228,0.90099561214447,0.190552592277527,0.500954985618591,0.49438488483429,0.760501742362976,0.340553879737854,0.180859923362732,0.66625964641571,0.796741127967834,0.621231913566589,0.35205614566803,0.57681667804718,0.647571682929993,0.311877369880676,0.0297831296920776,0.805879950523376,0.119608759880066,0.155476450920105,0.288549065589905,0.336774468421936,0.812490105628967,0.883139491081238,0.249160408973694,0.459700703620911,0.466121792793274,0.71533739566803,0.723973870277405,0.0497809648513794,0.0911778211593628,0.513172507286072,0.733251452445984,0.097723126411438,0.226383566856384,0.782756686210632,0.115137934684753,0.170387625694275,0.390267968177795,0.506233811378479,0.549278378486633,0.253886818885803,0.150744318962097,0.876939415931702,0.0490909814834595,0.797502875328064,0.79014790058136,0.991915345191956,0.0632659196853638,0.261628746986389,0.0377815961837769,0.519594073295593,0.0513318777084351,0.178554177284241,0.307168841362,0.232217907905579,0.261972784996033,0.409388422966003,0.98020350933075,0.395561337471008,0.476988673210144,0.979498267173767,0.735288977622986,0.0786663293838501,0.432797074317932,0.153500199317932,0.219120144844055,0.21055543422699,0.859478116035461,0.554051756858826,0.120481848716736,0.991529583930969,0.618549466133118,0.48881995677948,0.435063004493713,0.184894680976868,0.897205948829651,0.139500498771667,0.715077042579651,65.04,87.7
0.505650401115417,0.418856501579285,0.79706346988678,0.439346432685852,0.492132306098938,0.676305174827576,0.857551455497742,0.906627774238586,0.168203949928284,0.0544170141220093,0.426779627799988,0.19078266620636,0.370800614356995,0.69689953327179,0.898864150047302,0.0526105165481567,0.867024540901184,0.120735049247742,0.591294407844543,0.262011170387268,0.82410728931427,0.497890114784241,0.994146227836609,0.556119561195374,0.776446223258972,0.419061541557312,0.00459134578704834,0.914580702781677,0.144384264945984,0.120671629905701,0.677639365196228,0.35021436214447,0.600708842277527,0.551736235618591,0.0764161348342896,0.389407992362976,0.992897629737854,0.903516173362732,0.67016589641571,0.808459877967834,0.875138163566589,0.95752489566803,0.26041042804718,0.729602932929993,0.253283619880676,0.408689379692078,0.794161200523376,0.748515009880066,0.151570200920105,0.870580315589905,0.606305718421936,0.300771355628967,0.597983241081238,0.815566658973694,0.119856953620911,0.321590542793274,0.0395561456680298,0.243505120277405,0.889624714851379,0.345084071159363,0.821766257286072,0.471532702445984,0.390691876411438,0.683414816856384,0.403850436210632,0.142481684684753,0.299293875694275,0.0347992181777954,0.932015061378479,0.756309628486633,0.640605568885803,0.0921505689620972,0.865220665931702,0.240497231483459,0.871721625328064,0.33311665058136,0.433321595191956,0.114047169685364,0.140534996986389,0.393250346183777,0.695375323295593,0.0239881277084351,0.799647927284241,0.865762591362,0.314249157905579,0.484629034996033,0.303919672966003,0.52317225933075,0.172905087471008,0.613707423210144,0.381842017173767,0.692320227622986,0.84819757938385,0.983578324317932,0.774593949317932,0.723026394844055,0.66758668422699,0.175884366035461,0.854833006858826,0.366575598716736,0.362623333930969,0.0521432161331177,0.32085120677948,0.0327192544937134,0.282550930976868,0.166737198829651,0.971531748771667,0.508045792579651,52.86,78.33
0.00565040111541748,0.918856501579285,0.29706346988678,0.939346432685852,0.992132306098938,0.176305174827576,0.357551455497742,0.406627774238586,0.668203949928284,0.554417014122009,0.926779627799988,0.69078266620636,0.870800614356995,0.19689953327179,0.398864150047302,0.552610516548157,0.367024540901184,0.620735049247742,0.0912944078445435,0.762011170387268,0.32410728931427,0.997890114784241,0.494146227836609,0.0561195611953735,0.276446223258972,0.919061541557312,0.504591345787048,0.414580702781677,0.644384264945984,0.620671629905701,0.177639365196228,0.85021436214447,0.100708842277527,0.0517362356185913,0.57641613483429,0.889407992362976,0.492897629737854,0.403516173362732,0.17016589641571,0.308459877967834,0.375138163566589,0.45752489566803,0.76041042804718,0.229602932929993,0.753283619880676,0.908689379692078,0.294161200523376,0.248515009880066,0.651570200920105,0.370580315589905,0.106305718421936,0.800771355628967,0.0979832410812378,0.315566658973694,0.619856953620911,0.821590542793274,0.53955614566803,0.743505120277405,0.389624714851379,0.845084071159363,0.321766257286072,0.971532702445984,0.890691876411438,0.183414816856384,0.903850436210632,0.642481684684753,0.799293875694275,0.534799218177795,0.432015061378479,0.256309628486633,0.140605568885803,0.592150568962097,0.365220665931702,0.740497231483459,0.371721625328064,0.83311665058136,0.933321595191956,0.614047169685364,0.640534996986389,0.893250346183777,0.195375323295593,0.523988127708435,0.299647927284241,0.365762591362,0.814249157905579,0.984629034996033,0.803919672966003,0.0231722593307495,0.672905087471008,0.113707423210144,0.881842017173767,0.192320227622986,0.34819757938385,0.483578324317932,0.274593949317932,0.223026394844055,0.16758668422699,0.675884366035461,0.354833006858826,0.866575598716736,0.862623333930969,0.552143216133118,0.82085120677948,0.532719254493713,0.782550930976868,0.666737198829651,0.471531748771667,0.00804579257965088,56.91,81.08
0.255650401115417,0.168856501579285,0.0470634698867798,0.189346432685852,0.742132306098938,0.926305174827576,0.107551455497742,0.656627774238586,0.418203949928284,0.804417014122009,0.176779627799988,0.94078266620636,0.120800614356995,0.44689953327179,0.648864150047302,0.802610516548157,0.117024540901184,0.370735049247742,0.341294407844543,0.0120111703872681,0.07410728931427,0.247890114784241,0.244146227836609,0.806119561195374,0.526446223258972,0.669061541557312,0.754591345787048,0.164580702781677,0.394384264945984,0.870671629905701,0.927639365196228,0.60021436214447,0.850708842277527,0.801736235618591,0.82641613483429,0.139407992362976,0.242897629737854,0.153516173362732,0.42016589641571,0.558459877967834,0.125138163566589,0.70752489566803,0.51041042804718,0.479602932929993,0.503283619880676,0.158689379692078,0.544161200523376,0.498515009880066,0.401570200920105,0.620580315589905,0.356305718421936,0.550771355628967,0.847983241081238,0.565566658973694,0.869856953620911,0.0715905427932739,0.28955614566803,0.493505120277405,0.139624714851379,0.0950840711593628,0.0717662572860718,0.221532702445984,0.640691876411438,0.433414816856384,0.153850436210632,0.392481684684753,0.549293875694275,0.784799218177795,0.182015061378479,0.0063096284866333,0.890605568885803,0.842150568962097,0.115220665931702,0.490497231483459,0.121721625328064,0.58311665058136,0.683321595191956,0.364047169685364,0.390534996986389,0.643250346183777,0.945375323295593,0.273988127708435,0.0496479272842407,0.615762591362,0.0642491579055786,0.234629034996033,0.553919672966003,0.77317225933075,0.422905087471008,0.863707423210144,0.631842017173767,0.942320227622986,0.59819757938385,0.233578324317932,0.524593949317932,0.973026394844055,0.91758668422699,0.925884366035461,0.604833006858826,0.616575598716736,0.112623333930969,0.802143216133118,0.57085120677948,0.282719254493713,0.0325509309768677,0.916737198829651,0.721531748771667,0.758045792579651,63.87,85.92
0.755650401115417,0.668856501579285,0.54706346988678,0.689346432685852,0.242132306098938,0.426305174827576,0.607551455497742,0.156627774238586,0.918203949928284,0.304417014122009,0.676779627799988,0.44078266620636,0.620800614356995,0.94689953327179,0.148864150047302,0.302610516548157,0.617024540901184,0.870735049247742,0.841294407844543,0.512011170387268,0.57410728931427,0.747890114784241,0.744146227836609,0.306119561195374,0.0264462232589722,0.169061541557312,0.254591345787048,0.664580702781677,0.894384264945984,0.370671629905701,0.427639365196228,0.10021436214447,0.350708842277527,0.301736235618591,0.32641613483429,0.639407992362976,0.742897629737854,0.653516173362732,0.92016589641571,0.0584598779678345,0.625138163566589,0.20752489566803,0.0104104280471802,0.979602932929993,0.00328361988067627,0.658689379692078,0.0441612005233765,0.998515009880066,0.901570200920105,0.120580315589905,0.856305718421936,0.0507713556289673,0.347983241081238,0.0655666589736938,0.369856953620911,0.571590542793274,0.78955614566803,0.993505120277405,0.639624714851379,0.595084071159363,0.571766257286072,0.721532702445984,0.140691876411438,0.933414816856384,0.653850436210632,0.892481684684753,0.0492938756942749,0.284799218177795,0.682015061378479,0.506309628486633,0.390605568885803,0.342150568962097,0.615220665931702,0.990497231483459,0.621721625328064,0.0831166505813599,0.183321595191956,0.864047169685364,0.890534996986389,0.143250346183777,0.445375323295593,0.773988127708435,0.549647927284241,0.115762591362,0.564249157905579,0.734629034996033,0.0539196729660034,0.27317225933075,0.922905087471008,0.363707423210144,0.131842017173767,0.442320227622986,0.0981975793838501,0.733578324317932,0.0245939493179321,0.473026394844055,0.41758668422699,0.425884366035461,0.104833006858826,0.116575598716736,0.612623333930969,0.302143216133118,0.07085120677948,0.782719254493713,0.532550930976868,0.416737198829651,0.221531748771667,0.258045792579651,55.75,82.01
0.380650401115417,0.543856501579285,0.92206346988678,0.814346432685852,0.117132306098938,0.801305174827576,0.482551455497742,0.781627774238586,0.543203949928284,0.429417014122009,0.551779627799988,0.0657826662063599,0.995800614356995,0.32189953327179,0.773864150047302,0.677610516548157,0.992024540901184,0.995735049247742,0.466294407844543,0.137011170387268,0.69910728931427,0.372890114784241,0.869146227836609,0.931119561195374,0.401446223258972,0.044061541557312,0.879591345787048,0.289580702781677,0.519384264945984,0.245671629905701,0.802639365196228,0.72521436214447,0.975708842277527,0.426736235618591,0.20141613483429,0.764407992362976,0.617897629737854,0.0285161733627319,0.0451658964157104,0.933459877967834,0.750138163566589,0.0825248956680298,0.13541042804718,0.854602932929993,0.878283619880676,0.283689379692078,0.919161200523376,0.373515009880066,0.276570200920105,0.245580315589905,0.481305718421936,0.675771355628967,0.472983241081238,0.940566658973694,0.744856953620911,0.446590542793274,0.16455614566803,0.368505120277405,0.264624714851379,0.970084071159363,0.696766257286072,0.846532702445984,0.765691876411438,0.558414816856384,0.0288504362106323,0.0174816846847534,0.924293875694275,0.409799218177795,0.057015061378479,0.381309628486633,0.265605568885803,0.467150568962097,0.990220665931702,0.615497231483459,0.996721625328064,0.70811665058136,0.558321595191956,0.239047169685364,0.0155349969863892,0.518250346183777,0.820375323295593,0.898988127708435,0.174647927284241,0.240762591362,0.939249157905579,0.609629034996033,0.678919672966003,0.14817225933075,0.797905087471008,0.738707423210144,0.756842017173767,0.817320227622986,0.22319757938385,0.858578324317932,0.649593949317932,0.0980263948440552,0.29258668422699,0.800884366035461,0.479833006858826,0.991575598716736,0.237623333930969,0.177143216133118,0.69585120677948,0.657719254493713,0.407550930976868,0.541737198829651,0.0965317487716675,0.133045792579651,58.46,83.52
0.880650401115417,0.0438565015792847,0.42206346988678,0.314346432685852,0.617132306098938,0.301305174827576,0.982551455497742,0.281627774238586,0.0432039499282837,0.929417014122009,0.0517796277999878,0.56578266620636,0.495800614356995,0.82189953327179,0.273864150047302,0.177610516548157,0.492024540901184,0.495735049247742,0.966294407844543,0.637011170387268,0.19910728931427,0.872890114784241,0.369146227836609,0.431119561195374,0.901446223258972,0.544061541557312,0.379591345787048,0.789580702781677,0.0193842649459839,0.745671629905701,0.302639365196228,0.22521436214447,0.475708842277527,0.926736235618591,0.70141613483429,0.264407992362976,0.117897629737854,0.528516173362732,0.54516589641571,0.433459877967834,0.250138163566589,0.58252489566803,0.63541042804718,0.354602932929993,0.378283619880676,0.783689379692078,0.419161200523376,0.873515009880066,0.776570200920105,0.745580315589905,0.981305718421936,0.175771355628967,0.972983241081238,0.440566658973694,0.244856953620911,0.946590542793274,0.66455614566803,0.868505120277405,0.764624714851379,0.470084071159363,0.196766257286072,0.346532702445984,0.265691876411438,0.0584148168563843,0.528850436210632,0.517481684684753,0.424293875694275,0.909799218177795,0.557015061378479,0.881309628486633,0.765605568885803,0.967150568962097,0.490220665931702,0.115497231483459,0.496721625328064,0.20811665058136,0.0583215951919556,0.739047169685364,0.515534996986389,0.0182503461837769,0.320375323295593,0.398988127708435,0.674647927284241,0.740762591362,0.439249157905579,0.109629034996033,0.178919672966003,0.64817225933075,0.297905087471008,0.238707423210144,0.256842017173767,0.317320227622986,0.72319757938385,0.358578324317932,0.149593949317932,0.598026394844055,0.79258668422699,0.300884366035461,0.979833006858826,0.491575598716736,0.737623333930969,0.677143216133118,0.19585120677948,0.157719254493713,0.907550930976868,0.0417371988296509,0.596531748771667,0.633045792579651,57.9,82.71
0.630650401115417,0.793856501579285,0.17206346988678,0.564346432685852,0.867132306098938,0.551305174827576,0.732551455497742,0.531627774238586,0.793203949928284,0.679417014122009,0.801779627799988,0.81578266620636,0.745800614356995,0.57189953327179,0.523864150047302,0.427610516548157,0.242024540901184,0.745735049247742,0.716294407844543,0.387011170387268,0.44910728931427,0.122890114784241,0.119146227836609,0.681119561195374,0.151446223258972,0.794061541557312,0.129591345787048,0.539580702781677,0.769384264945984,0.995671629905701,0.552639365196228,0.47521436214447,0.725708842277527,0.176736235618591,0.95141613483429,0.514407992362976,0.367897629737854,0.778516173362732,0.79516589641571,0.683459877967834,0.000138163566589355,0.33252489566803,0.88541042804718,0.104602932929993,0.128283619880676,0.0336893796920776,0.669161200523376,0.623515009880066,0.026570200920105,0.495580315589905,0.731305718421936,0.425771355628967,0.222983241081238,0.690566658973694,0.494856953620911,0.196590542793274,0.41455614566803,0.118505120277405,0.514624714851379,0.720084071159363,0.446766257286072,0.596532702445984,0.015691876411438,0.308414816856384,0.278850436210632,0.267481684684753,0.174293875694275,0.659799218177795,0.807015061378479,0.631309628486633,0.0156055688858032,0.717150568962097,0.240220665931702,0.865497231483459,0.246721625328064,0.45811665058136,0.308321595191956,0.489047169685364,0.265534996986389,0.268250346183777,0.570375323295593,0.648988127708435,0.924647927284241,0.490762591362,0.689249157905579,0.859629034996033,0.428919672966003,0.39817225933075,0.547905087471008,0.988707423210144,0.00684201717376709,0.567320227622986,0.47319757938385,0.108578324317932,0.899593949317932,0.348026394844055,0.0425866842269897,0.0508843660354614,0.229833006858826,0.241575598716736,0.487623333930969,0.927143216133118,0.44585120677948,0.907719254493713,0.157550930976868,0.291737198829651,0.346531748771667,0.383045792579651,69.81,90.18
0.130650401115417,0.293856501579285,0.67206346988678,0.0643464326858521,0.367132306098938,0.0513051748275757,0.232551455497742,0.0316277742385864,0.293203949928284,0.179417014122009,0.301779627799988,0.31578266620636,0.245800614356995,0.0718995332717896,0.0238641500473022,0.927610516548157,0.742024540901184,0.245735049247742,0.216294407844543,0.887011170387268,0.94910728931427,0.622890114784241,0.619146227836609,0.181119561195374,0.651446223258972,0.294061541557312,0.629591345787048,0.0395807027816772,0.269384264945984,0.495671629905701,0.052639365196228,0.97521436214447,0.225708842277527,0.676736235618591,0.45141613483429,0.0144079923629761,0.867897629737854,0.278516173362732,0.29516589641571,0.183459877967834,0.500138163566589,0.83252489566803,0.38541042804718,0.604602932929993,0.628283619880676,0.533689379692078,0.169161200523376,0.123515009880066,0.526570200920105,0.995580315589905,0.231305718421936,0.925771355628967,0.722983241081238,0.190566658973694,0.994856953620911,0.696590542793274,0.91455614566803,0.618505120277405,0.0146247148513794,0.220084071159363,0.946766257286072,0.0965327024459839,0.515691876411438,0.808414816856384,0.778850436210632,0.767481684684753,0.674293875694275,0.159799218177795,0.307015061378479,0.131309628486633,0.515605568885803,0.217150568962097,0.740220665931702,0.365497231483459,0.746721625328064,0.95811665058136,0.808321595191956,0.989047169685364,0.765534996986389,0.768250346183777,0.0703753232955933,0.148988127708435,0.424647927284241,0.990762591362,0.189249157905579,0.359629034996033,0.928919672966003,0.89817225933075,0.0479050874710083,0.488707423210144,0.506842017173767,0.0673202276229858,0.97319757938385,0.608578324317932,0.399593949317932,0.848026394844055,0.54258668422699,0.550884366035461,0.729833006858826,0.741575598716736,0.987623333930969,0.427143216133118,0.94585120677948,0.407719254493713,0.657550930976868,0.791737198829651,0.846531748771667,0.883045792579651,47.54,72.82
0.318150401115417,0.856356501579285,0.73456346988678,0.376846432685852,0.554632306098938,0.988805174827576,0.420051455497742,0.219127774238586,0.730703949928284,0.491917014122009,0.239279627799988,0.75328266620636,0.433300614356995,0.88439953327179,0.961364150047302,0.115110516548157,0.804524540901184,0.933235049247742,0.403794407844543,0.949511170387268,0.26160728931427,0.0603901147842407,0.806646227836609,0.743619561195374,0.0889462232589722,0.481561541557312,0.317091345787048,0.227080702781677,0.831884264945984,0.683171629905701,0.740139365196228,0.41271436214447,0.788208842277527,0.239236235618591,0.38891613483429,0.451907992362976,0.555397629737854,0.216016173362732,0.10766589641571,0.120959877967834,0.312638163566589,0.77002489566803,0.57291042804718,0.542102932929993,0.440783619880676,0.846189379692078,0.356661200523376,0.311015009880066,0.339070200920105,0.433080315589905,0.043805718421936,0.113271355628967,0.660483241081238,0.253066658973694,0.932356953620911,0.384090542793274,0.10205614566803,0.806005120277405,0.702124714851379,0.0325840711593628,0.509266257286072,0.159032702445984,0.953191876411438,0.120914816856384,0.966350436210632,0.954981684684753,0.111793875694275,0.847299218177795,0.369515061378479,0.193809628486633,0.703105568885803,0.779650568962097,0.677720665931702,0.802997231483459,0.809221625328064,0.89561665058136,0.870821595191956,0.801547169685364,0.953034996986389,0.705750346183777,0.882875323295593,0.461488127708435,0.612147927284241,0.428262591362,0.00174915790557861,0.422129034996033,0.366419672966003,0.83567225933075,0.985405087471008,0.301207423210144,0.194342017173767,0.379820227622986,0.0356975793838501,0.921078324317932,0.212093949317932,0.785526394844055,0.73008668422699,0.363384366035461,0.167333006858826,0.304075598716736,0.300123333930969,0.989643216133118,0.38335120677948,0.345219254493713,0.720050930976868,0.354237198829651,0.784031748771667,0.0705457925796509,60.9,84.69
0.818150401115417,0.356356501579285,0.23456346988678,0.876846432685852,0.054632306098938,0.488805174827576,0.920051455497742,0.719127774238586,0.230703949928284,0.991917014122009,0.739279627799988,0.25328266620636,0.933300614356995,0.38439953327179,0.461364150047302,0.615110516548157,0.304524540901184,0.433235049247742,0.903794407844543,0.449511170387268,0.76160728931427,0.560390114784241,0.306646227836609,0.243619561195374,0.588946223258972,0.981561541557312,0.817091345787048,0.727080702781677,0.331884264945984,0.183171629905701,0.240139365196228,0.91271436214447,0.288208842277527,0.739236235618591,0.88891613483429,0.951907992362976,0.055397629737854,0.716016173362732,0.60766589641571,0.620959877967834,0.812638163566589,0.27002489566803,0.0729104280471802,0.0421029329299927,0.940783619880676,0.346189379692078,0.856661200523376,0.811015009880066,0.839070200920105,0.933080315589905,0.543805718421936,0.613271355628967,0.160483241081238,0.753066658973694,0.432356953620911,0.884090542793274,0.60205614566803,0.306005120277405,0.202124714851379,0.532584071159363,0.00926625728607178,0.659032702445984,0.453191876411438,0.620914816856384,0.466350436210632,0.454981684684753,0.611793875694275,0.347299218177795,0.869515061378479,0.693809628486633,0.203105568885803,0.279650568962097,0.177720665931702,0.302997231483459,0.309221625328064,0.39561665058136,0.370821595191956,0.301547169685364,0.453034996986389,0.205750346183777,0.382875323295593,0.961488127708435,0.112147927284241,0.928262591362,0.501749157905579,0.922129034996033,0.866419672966003,0.33567225933075,0.485405087471008,0.801207423210144,0.694342017173767,0.879820227622986,0.53569757938385,0.421078324317932,0.712093949317932,0.285526394844055,0.23008668422699,0.863384366035461,0.667333006858826,0.804075598716736,0.800123333930969,0.489643216133118,0.88335120677948,0.845219254493713,0.220050930976868,0.854237198829651,0.284031748771667,0.570545792579651,56.2,81.59
0.568150401115417,0.606356501579285,0.48456346988678,0.126846432685852,0.304632306098938,0.738805174827576,0.670051455497742,0.469127774238586,0.980703949928284,0.741917014122009,0.489279627799988,0.00328266620635986,0.183300614356995,0.13439953327179,0.711364150047302,0.865110516548157,0.0545245409011841,0.683235049247742,0.653794407844543,0.699511170387268,0.51160728931427,0.310390114784241,0.0566462278366089,0.993619561195374,0.338946223258972,0.731561541557312,0.567091345787048,0.977080702781677,0.581884264945984,0.433171629905701,0.990139365196228,0.66271436214447,0.538208842277527,0.489236235618591,0.63891613483429,0.201907992362976,0.305397629737854,0.966016173362732,0.85766589641571,0.370959877967834,0.562638163566589,0.52002489566803,0.32291042804718,0.292102932929993,0.690783619880676,0.596189379692078,0.106661200523376,0.561015009880066,0.089070200920105,0.183080315589905,0.793805718421936,0.863271355628967,0.910483241081238,0.00306665897369385,0.182356953620911,0.134090542793274,0.35205614566803,0.556005120277405,0.452124714851379,0.282584071159363,0.259266257286072,0.409032702445984,0.203191876411438,0.870914816856384,0.716350436210632,0.704981684684753,0.861793875694275,0.0972992181777954,0.619515061378479,0.943809628486633,0.953105568885803,0.0296505689620972,0.427720665931702,0.552997231483459,0.059221625328064,0.14561665058136,0.120821595191956,0.551547169685364,0.703034996986389,0.455750346183777,0.632875323295593,0.211488127708435,0.362147927284241,0.178262591362,0.251749157905579,0.172129034996033,0.616419672966003,0.58567225933075,0.735405087471008,0.051207423210144,0.944342017173767,0.129820227622986,0.28569757938385,0.171078324317932,0.462093949317932,0.535526394844055,0.98008668422699,0.613384366035461,0.417333006858826,0.554075598716736,0.0501233339309692,0.239643216133118,0.63335120677948,0.0952192544937134,0.970050930976868,0.604237198829651,0.534031748771667,0.320545792579651,59.1,82.88
0.0681504011154175,0.106356501579285,0.98456346988678,0.626846432685852,0.804632306098938,0.238805174827576,0.170051455497742,0.969127774238586,0.480703949928284,0.241917014122009,0.989279627799988,0.50328266620636,0.683300614356995,0.63439953327179,0.211364150047302,0.365110516548157,0.554524540901184,0.183235049247742,0.153794407844543,0.199511170387268,0.01160728931427,0.810390114784241,0.556646227836609,0.493619561195374,0.838946223258972,0.231561541557312,0.0670913457870483,0.477080702781677,0.0818842649459839,0.933171629905701,0.490139365196228,0.16271436214447,0.0382088422775269,0.989236235618591,0.13891613483429,0.701907992362976,0.805397629737854,0.466016173362732,0.35766589641571,0.870959877967834,0.0626381635665894,0.0200248956680298,0.82291042804718,0.792102932929993,0.190783619880676,0.0961893796920776,0.606661200523376,0.0610150098800659,0.589070200920105,0.683080315589905,0.293805718421936,0.363271355628967,0.410483241081238,0.503066658973694,0.682356953620911,0.634090542793274,0.85205614566803,0.0560051202774048,0.952124714851379,0.782584071159363,0.759266257286072,0.909032702445984,0.703191876411438,0.370914816856384,0.216350436210632,0.204981684684753,0.361793875694275,0.597299218177795,0.119515061378479,0.443809628486633,0.453105568885803,0.529650568962097,0.927720665931702,0.0529972314834595,0.559221625328064,0.64561665058136,0.620821595191956,0.0515471696853638,0.203034996986389,0.955750346183777,0.132875323295593,0.711488127708435,0.862147927284241,0.678262591362,0.751749157905579,0.672129034996033,0.116419672966003,0.0856722593307495,0.235405087471008,0.551207423210144,0.444342017173767,0.629820227622986,0.78569757938385,0.671078324317932,0.962093949317932,0.0355263948440552,0.48008668422699,0.113384366035461,0.917333006858826,0.0540755987167358,0.550123333930969,0.739643216133118,0.13335120677948,0.595219254493713,0.470050930976868,0.104237198829651,0.0340317487716675,0.820545792579651,39.03,65.88
0.693150401115417,0.231356501579285,0.60956346988678,0.751846432685852,0.929632306098938,0.613805174827576,0.795051455497742,0.0941277742385864,0.105703949928284,0.116917014122009,0.864279627799988,0.87828266620636,0.808300614356995,0.00939953327178955,0.836364150047302,0.740110516548157,0.929524540901184,0.0582350492477417,0.528794407844543,0.574511170387268,0.13660728931427,0.185390114784241,0.931646227836609,0.868619561195374,0.713946223258972,0.106561541557312,0.692091345787048,0.602080702781677,0.456884264945984,0.558171629905701,0.865139365196228,0.53771436214447,0.663208842277527,0.864236235618591,0.26391613483429,0.826907992362976,0.930397629737854,0.841016173362732,0.73266589641571,0.245959877967834,0.437638163566589,0.14502489566803,0.94791042804718,0.917102932929993,0.815783619880676,0.971189379692078,0.481661200523376,0.686015009880066,0.214070200920105,0.558080315589905,0.918805718421936,0.988271355628967,0.285483241081238,0.378066658973694,0.307356953620911,0.259090542793274,0.22705614566803,0.681005120277405,0.0771247148513794,0.657584071159363,0.884266257286072,0.534032702445984,0.328191876411438,0.245914816856384,0.591350436210632,0.829981684684753,0.736793875694275,0.722299218177795,0.744515061378479,0.568809628486633,0.328105568885803,0.654650568962097,0.552720665931702,0.427997231483459,0.934221625328064,0.0206166505813599,0.245821595191956,0.926547169685364,0.828034996986389,0.330750346183777,0.507875323295593,0.586488127708435,0.487147927284241,0.553262591362,0.626749157905579,0.547129034996033,0.741419672966003,0.46067225933075,0.110405087471008,0.426207423210144,0.569342017173767,0.00482022762298584,0.91069757938385,0.796078324317932,0.337093949317932,0.410526394844055,0.35508668422699,0.738384366035461,0.542333006858826,0.929075598716736,0.175123333930969,0.864643216133118,0.50835120677948,0.970219254493713,0.595050930976868,0.979237198829651,0.159031748771667,0.695545792579651,58.81,84.1
0.193150401115417,0.731356501579285,0.10956346988678,0.251846432685852,0.429632306098938,0.113805174827576,0.295051455497742,0.594127774238586,0.605703949928284,0.616917014122009,0.364279627799988,0.37828266620636,0.308300614356995,0.50939953327179,0.336364150047302,0.240110516548157,0.429524540901184,0.558235049247742,0.0287944078445435,0.0745111703872681,0.63660728931427,0.685390114784241,0.431646227836609,0.368619561195374,0.213946223258972,0.606561541557312,0.192091345787048,0.102080702781677,0.956884264945984,0.0581716299057007,0.365139365196228,0.0377143621444702,0.163208842277527,0.364236235618591,0.76391613483429,0.326907992362976,0.430397629737854,0.341016173362732,0.23266589641571,0.745959877967834,0.937638163566589,0.64502489566803,0.44791042804718,0.417102932929993,0.315783619880676,0.471189379692078,0.981661200523376,0.186015009880066,0.714070200920105,0.0580803155899048,0.418805718421936,0.488271355628967,0.785483241081238,0.878066658973694,0.807356953620911,0.759090542793274,0.72705614566803,0.181005120277405,0.577124714851379,0.157584071159363,0.384266257286072,0.0340327024459839,0.828191876411438,0.745914816856384,0.0913504362106323,0.329981684684753,0.236793875694275,0.222299218177795,0.244515061378479,0.0688096284866333,0.828105568885803,0.154650568962097,0.0527206659317017,0.927997231483459,0.434221625328064,0.52061665058136,0.745821595191956,0.426547169685364,0.328034996986389,0.830750346183777,0.00787532329559326,0.0864881277084351,0.987147927284241,0.0532625913619995,0.126749157905579,0.0471290349960327,0.241419672966003,0.96067225933075,0.610405087471008,0.926207423210144,0.0693420171737671,0.504820227622986,0.41069757938385,0.296078324317932,0.837093949317932,0.910526394844055,0.85508668422699,0.238384366035461,0.0423330068588257,0.429075598716736,0.675123333930969,0.364643216133118,0.00835120677947998,0.470219254493713,0.0950509309768677,0.479237198829651,0.659031748771667,0.195545792579651,51.92,77.6
0.443150401115417,0.481356501579285,0.35956346988678,0.501846432685852,0.179632306098938,0.863805174827576,0.0450514554977417,0.344127774238586,0.355703949928284,0.866917014122009,0.614279627799988,0.12828266620636,0.558300614356995,0.75939953327179,0.586364150047302,0.490110516548157,0.179524540901184,0.308235049247742,0.278794407844543,0.824511170387268,0.88660728931427,0.435390114784241,0.181646227836609,0.618619561195374,0.963946223258972,0.856561541557312,0.442091345787048,0.352080702781677,0.206884264945984,0.308171629905701,0.615139365196228,0.28771436214447,0.913208842277527,0.614236235618591,0.51391613483429,0.576907992362976,0.180397629737854,0.0910161733627319,0.48266589641571,0.495959877967834,0.687638163566589,0.39502489566803,0.19791042804718,0.167102932929993,0.0657836198806763,0.721189379692078,0.231661200523376,0.436015009880066,0.464070200920105,0.808080315589905,0.168805718421936,0.238271355628967,0.0354832410812378,0.128066658973694,0.557356953620911,0.00909054279327393,0.47705614566803,0.931005120277405,0.827124714851379,0.907584071159363,0.134266257286072,0.784032702445984,0.578191876411438,0.995914816856384,0.841350436210632,0.579981684684753,0.486793875694275,0.472299218177795,0.494515061378479,0.318809628486633,0.0781055688858032,0.404650568962097,0.302720665931702,0.177997231483459,0.184221625328064,0.77061665058136,0.995821595191956,0.676547169685364,0.578034996986389,0.580750346183777,0.757875323295593,0.836488127708435,0.737147927284241,0.803262591362,0.876749157905579,0.797129034996033,0.491419672966003,0.21067225933075,0.360405087471008,0.176207423210144,0.319342017173767,0.254820227622986,0.66069757938385,0.0460783243179321,0.0870939493179321,0.160526394844055,0.10508668422699,0.488384366035461,0.792333006858826,0.179075598716736,0.425123333930969,0.114643216133118,0.25835120677948,0.720219254493713,0.845050930976868,0.229237198829651,0.409031748771667,0.945545792579651,69.82,90.48
0.943150401115417,0.981356501579285,0.85956346988678,0.00184643268585205,0.679632306098938,0.363805174827576,0.545051455497742,0.844127774238586,0.855703949928284,0.366917014122009,0.114279627799988,0.62828266620636,0.0583006143569946,0.25939953327179,0.0863641500473022,0.990110516548157,0.679524540901184,0.808235049247742,0.778794407844543,0.324511170387268,0.38660728931427,0.935390114784241,0.681646227836609,0.118619561195374,0.463946223258972,0.356561541557312,0.942091345787048,0.852080702781677,0.706884264945984,0.808171629905701,0.115139365196228,0.78771436214447,0.413208842277527,0.114236235618591,0.0139161348342896,0.0769079923629761,0.680397629737854,0.591016173362732,0.98266589641571,0.995959877967834,0.187638163566589,0.89502489566803,0.69791042804718,0.667102932929993,0.565783619880676,0.221189379692078,0.731661200523376,0.936015009880066,0.964070200920105,0.308080315589905,0.668805718421936,0.738271355628967,0.535483241081238,0.628066658973694,0.0573569536209106,0.509090542793274,0.97705614566803,0.431005120277405,0.327124714851379,0.407584071159363,0.634266257286072,0.284032702445984,0.078191876411438,0.495914816856384,0.341350436210632,0.0799816846847534,0.986793875694275,0.972299218177795,0.994515061378479,0.818809628486633,0.578105568885803,0.904650568962097,0.802720665931702,0.677997231483459,0.684221625328064,0.27061665058136,0.495821595191956,0.176547169685364,0.0780349969863892,0.0807503461837769,0.257875323295593,0.336488127708435,0.237147927284241,0.303262591362,0.376749157905579,0.297129034996033,0.991419672966003,0.71067225933075,0.860405087471008,0.676207423210144,0.819342017173767,0.754820227622986,0.16069757938385,0.546078324317932,0.587093949317932,0.660526394844055,0.60508668422699,0.988384366035461,0.292333006858826,0.679075598716736,0.925123333930969,0.614643216133118,0.75835120677948,0.220219254493713,0.345050930976868,0.729237198829651,0.909031748771667,0.445545792579651,70.3,90.52
0.0994004011154175,0.575106501579285,0.57831346988678,0.595596432685852,0.710882306098938,0.457555174827576,0.826301455497742,0.687877774238586,0.386953949928284,0.898167014122009,0.520529627799988,0.40953266620636,0.0270506143569946,0.10314953327179,0.680114150047302,0.0213605165481567,0.273274540901184,0.0894850492477417,0.310044407844543,0.730761170387268,0.04285728931427,0.0291401147842407,0.400396227836609,0.399869561195374,0.182696223258972,0.387811541557312,0.223341345787048,0.758330702781677,0.800634264945984,0.464421629905701,0.833889365196228,0.00646436214447021,0.00695884227752686,0.457986235618591,0.29516613483429,0.545657992362976,0.711647629737854,0.247266173362732,0.63891589641571,0.0897098779678345,0.0313881635665894,0.17627489566803,0.41666042804718,0.948352932929993,0.159533619880676,0.564939379692078,0.137911200523376,0.0922650098800659,0.557820200920105,0.0268303155899048,0.512555718421936,0.582021355628967,0.816733241081238,0.846816658973694,0.213606953620911,0.727840542793274,0.50830614566803,0.962255120277405,0.795874714851379,0.501334071159363,0.915516257286072,0.377782702445984,0.046941876411438,0.839664816856384,0.747600436210632,0.986231684684753,0.205543875694275,0.753549218177795,0.900765061378479,0.662559628486633,0.921855568885803,0.0609005689620972,0.333970665931702,0.209247231483459,0.652971625328064,0.98936665058136,0.0270715951919556,0.582797169685364,0.0467849969863892,0.612000346183777,0.539125323295593,0.117738127708435,0.893397927284241,0.897012591362,0.595499157905579,0.640879034996033,0.210169672966003,0.74192225933075,0.391655087471008,0.894957423210144,0.725592017173767,0.911070227622986,0.94194757938385,0.577328324317932,0.180843949317932,0.441776394844055,0.69883668422699,0.394634366035461,0.261083006858826,0.522825598716736,0.0813733339309692,0.145893216133118,0.53960120677948,0.688969254493713,0.126300930976868,0.0104871988296509,0.127781748771667,0.226795792579651,33.52,60.99
0.599400401115417,0.0751065015792847,0.0783134698867798,0.0955964326858521,0.210882306098938,0.957555174827576,0.326301455497742,0.187877774238586,0.886953949928284,0.398167014122009,0.0205296277999878,0.90953266620636,0.527050614356995,0.60314953327179,0.180114150047302,0.521360516548157,0.773274540901184,0.589485049247742,0.810044407844543,0.230761170387268,0.54285728931427,0.529140114784241,0.900396227836609,0.899869561195374,0.682696223258972,0.887811541557312,0.723341345787048,0.258330702781677,0.300634264945984,0.964421629905701,0.333889365196228,0.50646436214447,0.506958842277527,0.957986235618591,0.79516613483429,0.0456579923629761,0.211647629737854,0.747266173362732,0.13891589641571,0.589709877967834,0.531388163566589,0.67627489566803,0.91666042804718,0.448352932929993,0.659533619880676,0.0649393796920776,0.637911200523376,0.592265009880066,0.057820200920105,0.526830315589905,0.012555718421936,0.0820213556289673,0.316733241081238,0.346816658973694,0.713606953620911,0.227840542793274,0.00830614566802979,0.462255120277405,0.295874714851379,0.00133407115936279,0.415516257286072,0.877782702445984,0.546941876411438,0.339664816856384,0.247600436210632,0.486231684684753,0.705543875694275,0.253549218177795,0.400765061378479,0.162559628486633,0.421855568885803,0.560900568962097,0.833970665931702,0.709247231483459,0.152971625328064,0.48936665058136,0.527071595191956,0.0827971696853638,0.546784996986389,0.112000346183777,0.0391253232955933,0.617738127708435,0.393397927284241,0.397012591362,0.0954991579055786,0.140879034996033,0.710169672966003,0.24192225933075,0.891655087471008,0.394957423210144,0.225592017173767,0.411070227622986,0.44194757938385,0.0773283243179321,0.680843949317932,0.941776394844055,0.19883668422699,0.894634366035461,0.761083006858826,0.0228255987167358,0.581373333930969,0.645893216133118,0.03960120677948,0.188969254493713,0.626300930976868,0.510487198829651,0.627781748771667,0.726795792579651,64.06,86.48
0.849400401115417,0.825106501579285,0.32831346988678,0.845596432685852,0.460882306098938,0.207555174827576,0.0763014554977417,0.937877774238586,0.136953949928284,0.148167014122009,0.770529627799988,0.65953266620636,0.277050614356995,0.85314953327179,0.930114150047302,0.771360516548157,0.523274540901184,0.339485049247742,0.560044407844543,0.980761170387268,0.79285728931427,0.279140114784241,0.650396227836609,0.149869561195374,0.432696223258972,0.637811541557312,0.973341345787048,0.00833070278167725,0.550634264945984,0.714421629905701,0.583889365196228,0.75646436214447,0.256958842277527,0.207986235618591,0.54516613483429,0.795657992362976,0.461647629737854,0.997266173362732,0.38891589641571,0.339709877967834,0.781388163566589,0.42627489566803,0.66666042804718,0.198352932929993,0.909533619880676,0.814939379692078,0.387911200523376,0.842265009880066,0.807820200920105,0.276830315589905,0.262555718421936,0.332021355628967,0.566733241081238,0.596816658973694,0.963606953620911,0.977840542793274,0.75830614566803,0.712255120277405,0.0458747148513794,0.751334071159363,0.165516257286072,0.127782702445984,0.796941876411438,0.0896648168563843,0.997600436210632,0.736231684684753,0.955543875694275,0.00354921817779541,0.150765061378479,0.412559628486633,0.671855568885803,0.810900568962097,0.583970665931702,0.459247231483459,0.402971625328064,0.23936665058136,0.777071595191956,0.832797169685364,0.296784996986389,0.362000346183777,0.789125323295593,0.367738127708435,0.143397927284241,0.647012591362,0.845499157905579,0.890879034996033,0.960169672966003,0.99192225933075,0.141655087471008,0.644957423210144,0.475592017173767,0.661070227622986,0.69194757938385,0.327328324317932,0.430843949317932,0.191776394844055,0.94883668422699,0.644634366035461,0.0110830068588257,0.272825598716736,0.331373333930969,0.895893216133118,0.28960120677948,0.938969254493713,0.376300930976868,0.760487198829651,0.377781748771667,0.476795792579651,62.72,86.47
0.349400401115417,0.325106501579285,0.82831346988678,0.345596432685852,0.960882306098938,0.707555174827576,0.576301455497742,0.437877774238586,0.636953949928284,0.648167014122009,0.270529627799988,0.15953266620636,0.777050614356995,0.35314953327179,0.430114150047302,0.271360516548157,0.0232745409011841,0.839485049247742,0.0600444078445435,0.480761170387268,0.29285728931427,0.779140114784241,0.150396227836609,0.649869561195374,0.932696223258972,0.137811541557312,0.473341345787048,0.508330702781677,0.0506342649459839,0.214421629905701,0.083889365196228,0.25646436214447,0.756958842277527,0.707986235618591,0.0451661348342896,0.295657992362976,0.961647629737854,0.497266173362732,0.88891589641571,0.839709877967834,0.281388163566589,0.92627489566803,0.16666042804718,0.698352932929993,0.409533619880676,0.314939379692078,0.887911200523376,0.342265009880066,0.307820200920105,0.776830315589905,0.762555718421936,0.832021355628967,0.0667332410812378,0.0968166589736938,0.463606953620911,0.477840542793274,0.25830614566803,0.212255120277405,0.545874714851379,0.251334071159363,0.665516257286072,0.627782702445984,0.296941876411438,0.589664816856384,0.497600436210632,0.236231684684753,0.455543875694275,0.503549218177795,0.650765061378479,0.912559628486633,0.171855568885803,0.310900568962097,0.0839706659317017,0.959247231483459,0.902971625328064,0.73936665058136,0.277071595191956,0.332797169685364,0.796784996986389,0.862000346183777,0.289125323295593,0.867738127708435,0.643397927284241,0.147012591362,0.345499157905579,0.390879034996033,0.460169672966003,0.49192225933075,0.641655087471008,0.144957423210144,0.975592017173767,0.161070227622986,0.19194757938385,0.827328324317932,0.930843949317932,0.691776394844055,0.44883668422699,0.144634366035461,0.511083006858826,0.772825598716736,0.831373333930969,0.395893216133118,0.78960120677948,0.438969254493713,0.876300930976868,0.260487198829651,0.877781748771667,0.976795792579651,51.65,76.29
0.974400401115417,0.450106501579285,0.70331346988678,0.220596432685852,0.835882306098938,0.0825551748275757,0.451301455497742,0.562877774238586,0.761953949928284,0.523167014122009,0.395529627799988,0.28453266620636,0.652050614356995,0.97814953327179,0.555114150047302,0.646360516548157,0.398274540901184,0.964485049247742,0.685044407844543,0.855761170387268,0.41785728931427,0.154140114784241,0.275396227836609,0.0248695611953735,0.557696223258972,0.012811541557312,0.848341345787048,0.383330702781677,0.425634264945984,0.339421629905701,0.708889365196228,0.88146436214447,0.381958842277527,0.582986235618591,0.42016613483429,0.170657992362976,0.836647629737854,0.872266173362732,0.0139158964157104,0.214709877967834,0.156388163566589,0.80127489566803,0.0416604280471802,0.573352932929993,0.534533619880676,0.689939379692078,0.0129112005233765,0.967265009880066,0.932820200920105,0.901830315589905,0.387555718421936,0.457021355628967,0.191733241081238,0.971816658973694,0.588606953620911,0.602840542793274,0.63330614566803,0.587255120277405,0.420874714851379,0.126334071159363,0.540516257286072,0.752782702445984,0.671941876411438,0.964664816856384,0.872600436210632,0.861231684684753,0.580543875694275,0.628549218177795,0.025765061378479,0.0375596284866333,0.0468555688858032,0.435900568962097,0.458970665931702,0.584247231483459,0.527971625328064,0.11436665058136,0.902071595191956,0.707797169685364,0.171784996986389,0.487000346183777,0.914125323295593,0.992738127708435,0.0183979272842407,0.0220125913619995,0.220499157905579,0.265879034996033,0.835169672966003,0.11692225933075,0.516655087471008,0.769957423210144,0.100592017173767,0.536070227622986,0.0669475793838501,0.702328324317932,0.305843949317932,0.816776394844055,0.32383668422699,0.519634366035461,0.886083006858826,0.147825598716736,0.456373333930969,0.0208932161331177,0.41460120677948,0.0639692544937134,0.00130093097686768,0.635487198829651,0.752781748771667,0.601795792579651,70.48,90.31
0.474400401115417,0.950106501579285,0.20331346988678,0.720596432685852,0.335882306098938,0.582555174827576,0.951301455497742,0.0628777742385864,0.261953949928284,0.0231670141220093,0.895529627799988,0.78453266620636,0.152050614356995,0.47814953327179,0.0551141500473022,0.146360516548157,0.898274540901184,0.464485049247742,0.185044407844543,0.355761170387268,0.91785728931427,0.654140114784241,0.775396227836609,0.524869561195374,0.0576962232589722,0.512811541557312,0.348341345787048,0.883330702781677,0.925634264945984,0.839421629905701,0.208889365196228,0.38146436214447,0.881958842277527,0.0829862356185913,0.92016613483429,0.670657992362976,0.336647629737854,0.372266173362732,0.51391589641571,0.714709877967834,0.656388163566589,0.30127489566803,0.54166042804718,0.0733529329299927,0.0345336198806763,0.189939379692078,0.512911200523376,0.467265009880066,0.432820200920105,0.401830315589905,0.887555718421936,0.957021355628967,0.691733241081238,0.471816658973694,0.0886069536209106,0.102840542793274,0.13330614566803,0.0872551202774048,0.920874714851379,0.626334071159363,0.0405162572860718,0.252782702445984,0.171941876411438,0.464664816856384,0.372600436210632,0.361231684684753,0.0805438756942749,0.128549218177795,0.525765061378479,0.537559628486633,0.546855568885803,0.935900568962097,0.958970665931702,0.0842472314834595,0.027971625328064,0.61436665058136,0.402071595191956,0.207797169685364,0.671784996986389,0.987000346183777,0.414125323295593,0.492738127708435,0.518397927284241,0.522012591362,0.720499157905579,0.765879034996033,0.335169672966003,0.61692225933075,0.0166550874710083,0.269957423210144,0.600592017173767,0.0360702276229858,0.56694757938385,0.202328324317932,0.805843949317932,0.316776394844055,0.82383668422699,0.0196343660354614,0.386083006858826,0.647825598716736,0.956373333930969,0.520893216133118,0.91460120677948,0.563969254493713,0.501300930976868,0.135487198829651,0.252781748771667,0.101795792579651,45.52,73.12
0.224400401115417,0.200106501579285,0.45331346988678,0.470596432685852,0.085882306098938,0.332555174827576,0.701301455497742,0.812877774238586,0.511953949928284,0.273167014122009,0.145529627799988,0.53453266620636,0.902050614356995,0.22814953327179,0.805114150047302,0.396360516548157,0.648274540901184,0.714485049247742,0.435044407844543,0.605761170387268,0.66785728931427,0.404140114784241,0.525396227836609,0.274869561195374,0.807696223258972,0.762811541557312,0.0983413457870483,0.633330702781677,0.175634264945984,0.589421629905701,0.958889365196228,0.13146436214447,0.131958842277527,0.832986235618591,0.67016613483429,0.420657992362976,0.086647629737854,0.122266173362732,0.76391589641571,0.464709877967834,0.906388163566589,0.55127489566803,0.79166042804718,0.323352932929993,0.284533619880676,0.939939379692078,0.262911200523376,0.217265009880066,0.682820200920105,0.651830315589905,0.637555718421936,0.707021355628967,0.441733241081238,0.721816658973694,0.338606953620911,0.852840542793274,0.88330614566803,0.837255120277405,0.670874714851379,0.376334071159363,0.290516257286072,0.502782702445984,0.421941876411438,0.214664816856384,0.622600436210632,0.611231684684753,0.330543875694275,0.378549218177795,0.775765061378479,0.787559628486633,0.296855568885803,0.685900568962097,0.708970665931702,0.834247231483459,0.277971625328064,0.86436665058136,0.152071595191956,0.957797169685364,0.421784996986389,0.737000346183777,0.664125323295593,0.742738127708435,0.768397927284241,0.272012591362,0.470499157905579,0.0158790349960327,0.0851696729660034,0.36692225933075,0.766655087471008,0.519957423210144,0.850592017173767,0.786070227622986,0.31694757938385,0.452328324317932,0.0558439493179321,0.566776394844055,0.0738366842269897,0.269634366035461,0.636083006858826,0.897825598716736,0.206373333930969,0.770893216133118,0.66460120677948,0.313969254493713,0.251300930976868,0.385487198829651,0.502781748771667,0.851795792579651,57.14,81.46
0.724400401115417,0.700106501579285,0.95331346988678,0.970596432685852,0.585882306098938,0.832555174827576,0.201301455497742,0.312877774238586,0.0119539499282837,0.773167014122009,0.645529627799988,0.0345326662063599,0.402050614356995,0.72814953327179,0.305114150047302,0.896360516548157,0.148274540901184,0.214485049247742,0.935044407844543,0.105761170387268,0.16785728931427,0.904140114784241,0.0253962278366089,0.774869561195374,0.307696223258972,0.262811541557312,0.598341345787048,0.133330702781677,0.675634264945984,0.0894216299057007,0.458889365196228,0.63146436214447,0.631958842277527,0.332986235618591,0.17016613483429,0.920657992362976,0.586647629737854,0.622266173362732,0.26391589641571,0.964709877967834,0.406388163566589,0.0512748956680298,0.29166042804718,0.823352932929993,0.784533619880676,0.439939379692078,0.762911200523376,0.717265009880066,0.182820200920105,0.151830315589905,0.137555718421936,0.207021355628967,0.941733241081238,0.221816658973694,0.838606953620911,0.352840542793274,0.38330614566803,0.337255120277405,0.170874714851379,0.876334071159363,0.790516257286072,0.00278270244598389,0.921941876411438,0.714664816856384,0.122600436210632,0.111231684684753,0.830543875694275,0.878549218177795,0.275765061378479,0.287559628486633,0.796855568885803,0.185900568962097,0.208970665931702,0.334247231483459,0.777971625328064,0.36436665058136,0.652071595191956,0.457797169685364,0.921784996986389,0.237000346183777,0.164125323295593,0.242738127708435,0.268397927284241,0.772012591362,0.970499157905579,0.515879034996033,0.585169672966003,0.86692225933075,0.266655087471008,0.019957423210144,0.350592017173767,0.286070227622986,0.81694757938385,0.952328324317932,0.555843949317932,0.0667763948440552,0.57383668422699,0.769634366035461,0.136083006858826,0.397825598716736,0.706373333930969,0.270893216133118,0.16460120677948,0.813969254493713,0.751300930976868,0.885487198829651,0.00278174877166748,0.351795792579651,54.18,79.63
0.786900401115417,0.137606501579285,0.89081346988678,0.533096432685852,0.273382306098938,0.145055174827576,0.388801455497742,0.375377774238586,0.949453949928284,0.585667014122009,0.833029627799988,0.59703266620636,0.214550614356995,0.29064953327179,0.742614150047302,0.0838605165481567,0.335774540901184,0.901985049247742,0.747544407844543,0.0432611703872681,0.60535728931427,0.466640114784241,0.337896227836609,0.337369561195374,0.995196223258972,0.450311541557312,0.410841345787048,0.0708307027816772,0.238134264945984,0.776921629905701,0.771389365196228,0.19396436214447,0.319458842277527,0.770486235618591,0.23266613483429,0.608157992362976,0.774147629737854,0.934766173362732,0.0764158964157104,0.777209877967834,0.718888163566589,0.11377489566803,0.72916042804718,0.760852932929993,0.0970336198806763,0.127439379692078,0.700411200523376,0.904765009880066,0.995320200920105,0.714330315589905,0.075055718421936,0.769521355628967,0.879233241081238,0.284316658973694,0.776106953620911,0.540340542793274,0.57080614566803,0.0247551202774048,0.608374714851379,0.813834071159363,0.728016257286072,0.190282702445984,0.609441876411438,0.402164816856384,0.185100436210632,0.173731684684753,0.393043875694275,0.0660492181777954,0.338265061378479,0.350059628486633,0.984355568885803,0.873400568962097,0.146470665931702,0.771747231483459,0.715471625328064,0.30186665058136,0.714571595191956,0.270297169685364,0.859284996986389,0.299500346183777,0.851625323295593,0.430238127708435,0.705897927284241,0.334512591362,0.782999157905579,0.703379034996033,0.147669672966003,0.92942225933075,0.704155087471008,0.207457423210144,0.913092017173767,0.223570227622986,0.12944757938385,0.514828324317932,0.868343949317932,0.00427639484405518,0.63633668422699,0.0821343660354614,0.698583006858826,0.585325598716736,0.0188733339309692,0.833393216133118,0.72710120677948,0.876469254493713,0.813800930976868,0.447987198829651,0.0652817487716675,0.664295792579651,55.07,80.47
0.286900401115417,0.637606501579285,0.39081346988678,0.0330964326858521,0.773382306098938,0.645055174827576,0.888801455497742,0.875377774238586,0.449453949928284,0.0856670141220093,0.333029627799988,0.0970326662063599,0.714550614356995,0.79064953327179,0.242614150047302,0.583860516548157,0.835774540901184,0.401985049247742,0.247544407844543,0.543261170387268,0.10535728931427,0.966640114784241,0.837896227836609,0.837369561195374,0.495196223258972,0.950311541557312,0.910841345787048,0.570830702781677,0.738134264945984,0.276921629905701,0.271389365196228,0.69396436214447,0.819458842277527,0.270486235618591,0.73266613483429,0.108157992362976,0.274147629737854,0.434766173362732,0.57641589641571,0.277209877967834,0.218888163566589,0.61377489566803,0.22916042804718,0.260852932929993,0.597033619880676,0.627439379692078,0.200411200523376,0.404765009880066,0.495320200920105,0.214330315589905,0.575055718421936,0.269521355628967,0.379233241081238,0.784316658973694,0.276106953620911,0.0403405427932739,0.0708061456680298,0.524755120277405,0.108374714851379,0.313834071159363,0.228016257286072,0.690282702445984,0.109441876411438,0.902164816856384,0.685100436210632,0.673731684684753,0.893043875694275,0.566049218177795,0.838265061378479,0.850059628486633,0.484355568885803,0.373400568962097,0.646470665931702,0.271747231483459,0.215471625328064,0.80186665058136,0.214571595191956,0.770297169685364,0.359284996986389,0.799500346183777,0.351625323295593,0.930238127708435,0.205897927284241,0.834512591362,0.282999157905579,0.203379034996033,0.647669672966003,0.42942225933075,0.204155087471008,0.707457423210144,0.413092017173767,0.723570227622986,0.62944757938385,0.0148283243179321,0.368343949317932,0.504276394844055,0.13633668422699,0.582134366035461,0.198583006858826,0.0853255987167358,0.518873333930969,0.333393216133118,0.22710120677948,0.376469254493713,0.313800930976868,0.947987198829651,0.565281748771667,0.164295792579651,74.27,92.38
0.0369004011154175,0.387606501579285,0.14081346988678,0.783096432685852,0.523382306098938,0.395055174827576,0.638801455497742,0.125377774238586,0.699453949928284,0.335667014122009,0.583029627799988,0.34703266620636,0.464550614356995,0.54064953327179,0.992614150047302,0.833860516548157,0.585774540901184,0.651985049247742,0.497544407844543,0.293261170387268,0.35535728931427,0.216640114784241,0.587896227836609,0.0873695611953735,0.745196223258972,0.700311541557312,0.660841345787048,0.820830702781677,0.488134264945984,0.0269216299057007,0.521389365196228,0.94396436214447,0.0694588422775269,0.520486235618591,0.98266613483429,0.858157992362976,0.024147629737854,0.184766173362732,0.82641589641571,0.527209877967834,0.468888163566589,0.36377489566803,0.47916042804718,0.0108529329299927,0.847033619880676,0.377439379692078,0.950411200523376,0.154765009880066,0.745320200920105,0.964330315589905,0.825055718421936,0.0195213556289673,0.629233241081238,0.0343166589736938,0.0261069536209106,0.790340542793274,0.82080614566803,0.274755120277405,0.358374714851379,0.563834071159363,0.478016257286072,0.440282702445984,0.359441876411438,0.652164816856384,0.435100436210632,0.423731684684753,0.643043875694275,0.816049218177795,0.588265061378479,0.600059628486633,0.734355568885803,0.123400568962097,0.896470665931702,0.521747231483459,0.465471625328064,0.55186665058136,0.464571595191956,0.0202971696853638,0.609284996986389,0.549500346183777,0.601625323295593,0.180238127708435,0.455897927284241,0.0845125913619995,0.532999157905579,0.953379034996033,0.897669672966003,0.67942225933075,0.954155087471008,0.457457423210144,0.163092017173767,0.473570227622986,0.37944757938385,0.264828324317932,0.618343949317932,0.254276394844055,0.88633668422699,0.832134366035461,0.948583006858826,0.335325598716736,0.268873333930969,0.0833932161331177,0.47710120677948,0.626469254493713,0.563800930976868,0.697987198829651,0.315281748771667,0.914295792579651,49.44,75.62
0.536900401115417,0.887606501579285,0.64081346988678,0.283096432685852,0.023382306098938,0.895055174827576,0.138801455497742,0.625377774238586,0.199453949928284,0.835667014122009,0.0830296277999878,0.84703266620636,0.964550614356995,0.0406495332717896,0.492614150047302,0.333860516548157,0.0857745409011841,0.151985049247742,0.997544407844543,0.793261170387268,0.85535728931427,0.716640114784241,0.0878962278366089,0.587369561195374,0.245196223258972,0.200311541557312,0.160841345787048,0.320830702781677,0.988134264945984,0.526921629905701,0.021389365196228,0.44396436214447,0.569458842277527,0.0204862356185913,0.48266613483429,0.358157992362976,0.524147629737854,0.684766173362732,0.32641589641571,0.0272098779678345,0.968888163566589,0.86377489566803,0.97916042804718,0.510852932929993,0.347033619880676,0.877439379692078,0.450411200523376,0.654765009880066,0.245320200920105,0.464330315589905,0.325055718421936,0.519521355628967,0.129233241081238,0.534316658973694,0.526106953620911,0.290340542793274,0.32080614566803,0.774755120277405,0.858374714851379,0.0638340711593628,0.978016257286072,0.940282702445984,0.859441876411438,0.152164816856384,0.935100436210632,0.923731684684753,0.143043875694275,0.316049218177795,0.088265061378479,0.100059628486633,0.234355568885803,0.623400568962097,0.396470665931702,0.0217472314834595,0.965471625328064,0.0518666505813599,0.964571595191956,0.520297169685364,0.109284996986389,0.0495003461837769,0.101625323295593,0.680238127708435,0.955897927284241,0.584512591362,0.0329991579055786,0.453379034996033,0.397669672966003,0.17942225933075,0.454155087471008,0.957457423210144,0.663092017173767,0.973570227622986,0.87944757938385,0.764828324317932,0.118343949317932,0.754276394844055,0.38633668422699,0.332134366035461,0.448583006858826,0.835325598716736,0.768873333930969,0.583393216133118,0.97710120677948,0.126469254493713,0.0638009309768677,0.197987198829651,0.815281748771667,0.414295792579651,46.72,72.88
0.161900401115417,0.762606501579285,0.76581346988678,0.158096432685852,0.148382306098938,0.270055174827576,0.763801455497742,0.250377774238586,0.324453949928284,0.960667014122009,0.208029627799988,0.72203266620636,0.589550614356995,0.66564953327179,0.617614150047302,0.708860516548157,0.460774540901184,0.0269850492477417,0.372544407844543,0.418261170387268,0.98035728931427,0.341640114784241,0.462896227836609,0.212369561195374,0.370196223258972,0.075311541557312,0.535841345787048,0.695830702781677,0.613134264945984,0.901921629905701,0.646389365196228,0.81896436214447,0.194458842277527,0.145486235618591,0.10766613483429,0.233157992362976,0.649147629737854,0.0597661733627319,0.70141589641571,0.902209877967834,0.593888163566589,0.98877489566803,0.85416042804718,0.635852932929993,0.722033619880676,0.00243937969207764,0.575411200523376,0.0297650098800659,0.620320200920105,0.339330315589905,0.950055718421936,0.144521355628967,0.00423324108123779,0.409316658973694,0.401106953620911,0.665340542793274,0.69580614566803,0.399755120277405,0.233374714851379,0.438834071159363,0.853016257286072,0.565282702445984,0.234441876411438,0.277164816856384,0.310100436210632,0.0487316846847534,0.768043875694275,0.441049218177795,0.713265061378479,0.975059628486633,0.109355568885803,0.748400568962097,0.0214706659317017,0.396747231483459,0.590471625328064,0.67686665058136,0.339571595191956,0.395297169685364,0.984284996986389,0.674500346183777,0.726625323295593,0.555238127708435,0.330897927284241,0.709512591362,0.407999157905579,0.328379034996033,0.772669672966003,0.30442225933075,0.329155087471008,0.082457423210144,0.288092017173767,0.348570227622986,0.75444757938385,0.639828324317932,0.743343949317932,0.629276394844055,0.26133668422699,0.957134366035461,0.0735830068588257,0.210325598716736,0.393873333930969,0.958393216133118,0.35210120677948,0.251469254493713,0.938800930976868,0.822987198829651,0.940281748771667,0.0392957925796509,60.46,83.64
0.661900401115417,0.262606501579285,0.26581346988678,0.658096432685852,0.648382306098938,0.770055174827576,0.263801455497742,0.750377774238586,0.824453949928284,0.460667014122009,0.708029627799988,0.22203266620636,0.0895506143569946,0.16564953327179,0.117614150047302,0.208860516548157,0.960774540901184,0.526985049247742,0.872544407844543,0.918261170387268,0.48035728931427,0.841640114784241,0.962896227836609,0.712369561195374,0.870196223258972,0.575311541557312,0.0358413457870483,0.195830702781677,0.113134264945984,0.401921629905701,0.146389365196228,0.31896436214447,0.694458842277527,0.645486235618591,0.60766613483429,0.733157992362976,0.149147629737854,0.559766173362732,0.20141589641571,0.402209877967834,0.0938881635665894,0.48877489566803,0.35416042804718,0.135852932929993,0.222033619880676,0.502439379692078,0.0754112005233765,0.529765009880066,0.120320200920105,0.839330315589905,0.450055718421936,0.644521355628967,0.504233241081238,0.909316658973694,0.901106953620911,0.165340542793274,0.19580614566803,0.899755120277405,0.733374714851379,0.938834071159363,0.353016257286072,0.0652827024459839,0.734441876411438,0.777164816856384,0.810100436210632,0.548731684684753,0.268043875694275,0.941049218177795,0.213265061378479,0.475059628486633,0.609355568885803,0.248400568962097,0.521470665931702,0.896747231483459,0.090471625328064,0.17686665058136,0.839571595191956,0.895297169685364,0.484284996986389,0.174500346183777,0.226625323295593,0.0552381277084351,0.830897927284241,0.209512591362,0.907999157905579,0.828379034996033,0.272669672966003,0.80442225933075,0.829155087471008,0.582457423210144,0.788092017173767,0.848570227622986,0.25444757938385,0.139828324317932,0.243343949317932,0.129276394844055,0.76133668422699,0.457134366035461,0.573583006858826,0.710325598716736,0.893873333930969,0.458393216133118,0.85210120677948,0.751469254493713,0.438800930976868,0.322987198829651,0.440281748771667,0.539295792579651,41.43,68.42
0.911900401115417,0.512606501579285,0.0158134698867798,0.408096432685852,0.898382306098938,0.0200551748275757,0.0138014554977417,0.000377774238586426,0.0744539499282837,0.210667014122009,0.458029627799988,0.47203266620636,0.839550614356995,0.41564953327179,0.867614150047302,0.458860516548157,0.710774540901184,0.276985049247742,0.622544407844543,0.168261170387268,0.23035728931427,0.0916401147842407,0.712896227836609,0.462369561195374,0.120196223258972,0.825311541557312,0.285841345787048,0.445830702781677,0.863134264945984,0.151921629905701,0.896389365196228,0.0689643621444702,0.444458842277527,0.395486235618591,0.85766613483429,0.483157992362976,0.399147629737854,0.809766173362732,0.45141589641571,0.652209877967834,0.343888163566589,0.73877489566803,0.10416042804718,0.385852932929993,0.472033619880676,0.252439379692078,0.825411200523376,0.779765009880066,0.870320200920105,0.0893303155899048,0.200055718421936,0.894521355628967,0.254233241081238,0.159316658973694,0.651106953620911,0.915340542793274,0.94580614566803,0.149755120277405,0.983374714851379,0.188834071159363,0.103016257286072,0.815282702445984,0.984441876411438,0.527164816856384,0.0601004362106323,0.298731684684753,0.0180438756942749,0.691049218177795,0.463265061378479,0.225059628486633,0.359355568885803,0.498400568962097,0.771470665931702,0.146747231483459,0.340471625328064,0.42686665058136,0.589571595191956,0.145297169685364,0.734284996986389,0.424500346183777,0.976625323295593,0.805238127708435,0.580897927284241,0.959512591362,0.157999157905579,0.0783790349960327,0.0226696729660034,0.0544222593307495,0.0791550874710083,0.332457423210144,0.538092017173767,0.0985702276229858,0.50444757938385,0.389828324317932,0.993343949317932,0.879276394844055,0.0113366842269897,0.207134366035461,0.323583006858826,0.960325598716736,0.143873333930969,0.208393216133118,0.60210120677948,0.00146925449371338,0.688800930976868,0.0729871988296509,0.690281748771667,0.289295792579651,63.06,85.93
0.411900401115417,0.0126065015792847,0.51581346988678,0.908096432685852,0.398382306098938,0.520055174827576,0.513801455497742,0.500377774238586,0.574453949928284,0.710667014122009,0.958029627799988,0.97203266620636,0.339550614356995,0.91564953327179,0.367614150047302,0.958860516548157,0.210774540901184,0.776985049247742,0.122544407844543,0.668261170387268,0.73035728931427,0.591640114784241,0.212896227836609,0.962369561195374,0.620196223258972,0.325311541557312,0.785841345787048,0.945830702781677,0.363134264945984,0.651921629905701,0.396389365196228,0.56896436214447,0.944458842277527,0.895486235618591,0.35766613483429,0.983157992362976,0.899147629737854,0.309766173362732,0.95141589641571,0.152209877967834,0.843888163566589,0.23877489566803,0.60416042804718,0.885852932929993,0.972033619880676,0.752439379692078,0.325411200523376,0.279765009880066,0.370320200920105,0.589330315589905,0.700055718421936,0.394521355628967,0.754233241081238,0.659316658973694,0.151106953620911,0.415340542793274,0.44580614566803,0.649755120277405,0.483374714851379,0.688834071159363,0.603016257286072,0.315282702445984,0.484441876411438,0.0271648168563843,0.560100436210632,0.798731684684753,0.518043875694275,0.191049218177795,0.963265061378479,0.725059628486633,0.859355568885803,0.998400568962097,0.271470665931702,0.646747231483459,0.840471625328064,0.92686665058136,0.0895715951919556,0.645297169685364,0.234284996986389,0.924500346183777,0.476625323295593,0.305238127708435,0.0808979272842407,0.459512591362,0.657999157905579,0.578379034996033,0.522669672966003,0.55442225933075,0.579155087471008,0.832457423210144,0.0380920171737671,0.598570227622986,0.0044475793838501,0.889828324317932,0.493343949317932,0.379276394844055,0.51133668422699,0.707134366035461,0.823583006858826,0.460325598716736,0.643873333930969,0.708393216133118,0.10210120677948,0.501469254493713,0.188800930976868,0.572987198829651,0.190281748771667,0.789295792579651,56.14,82.29
0.771275401115417,0.403231501579285,0.46893846988678,0.111221432685852,0.945257306098938,0.504430174827576,0.154426455497742,0.797252774238586,0.402578949928284,0.601292014122009,0.879904627799988,0.73765766620636,0.417675614356995,0.40002453327179,0.633239150047302,0.318235516548157,0.538899540901184,0.948860049247742,0.294419407844543,0.496386170387268,0.49598228931427,0.982265114784241,0.509771227836609,0.0717445611953735,0.448321223258972,0.153436541557312,0.0827163457870483,0.617705702781677,0.597509264945984,0.230046629905701,0.287014365196228,0.86583936214447,0.866333842277527,0.00486123561859131,0.15454113483429,0.561282992362976,0.946022629737854,0.794141173362732,0.84204089641571,0.417834877967834,0.359513163566589,0.91064989566803,0.27603542804718,0.0264779329299927,0.768908619880676,0.893064379692078,0.684786200523376,0.0766400098800659,0.917195200920105,0.979955315589905,0.371930718421936,0.785146355628967,0.551108241081238,0.956191658973694,0.729231953620911,0.0559655427932739,0.61768114566803,0.884130120277405,0.467749714851379,0.735709071159363,0.306141257286072,0.518407702445984,0.781316876411438,0.636539816856384,0.388225436210632,0.595606684684753,0.0024188756942749,0.831674218177795,0.728890061378479,0.584434628486633,0.781230568885803,0.451525568962097,0.818345665931702,0.849872231483459,0.481096625328064,0.44249165058136,0.167696595191956,0.879672169685364,0.187409996986389,0.0338753461837769,0.242250323295593,0.195863127708435,0.346522927284241,0.412637591362,0.861124157905579,0.562754034996033,0.163294672966003,0.0700472593307495,0.626030087471008,0.941832423210144,0.0849670171737671,0.270445227622986,0.73882257938385,0.874203324317932,0.477718949317932,0.363651394844055,0.27696168422699,0.129009366035461,0.0579580068588257,0.788450598716736,0.0344983339309692,0.317768216133118,0.86772620677948,0.485844254493713,0.579425930976868,0.463612198829651,0.799656748771667,0.117420792579651,64.15,87.1
0.271275401115417,0.903231501579285,0.96893846988678,0.611221432685852,0.445257306098938,0.00443017482757568,0.654426455497742,0.297252774238586,0.902578949928284,0.101292014122009,0.379904627799988,0.23765766620636,0.917675614356995,0.90002453327179,0.133239150047302,0.818235516548157,0.0388995409011841,0.448860049247742,0.794419407844543,0.996386170387268,0.99598228931427,0.482265114784241,0.00977122783660889,0.571744561195374,0.948321223258972,0.653436541557312,0.582716345787048,0.117705702781677,0.0975092649459839,0.730046629905701,0.787014365196228,0.36583936214447,0.366333842277527,0.504861235618591,0.65454113483429,0.0612829923629761,0.446022629737854,0.294141173362732,0.34204089641571,0.917834877967834,0.859513163566589,0.41064989566803,0.77603542804718,0.526477932929993,0.268908619880676,0.393064379692078,0.184786200523376,0.576640009880066,0.417195200920105,0.479955315589905,0.871930718421936,0.285146355628967,0.0511082410812378,0.456191658973694,0.229231953620911,0.555965542793274,0.11768114566803,0.384130120277405,0.967749714851379,0.235709071159363,0.806141257286072,0.0184077024459839,0.281316876411438,0.136539816856384,0.888225436210632,0.0956066846847534,0.502418875694275,0.331674218177795,0.228890061378479,0.0844346284866333,0.281230568885803,0.951525568962097,0.318345665931702,0.349872231483459,0.981096625328064,0.94249165058136,0.667696595191956,0.379672169685364,0.687409996986389,0.533875346183777,0.742250323295593,0.695863127708435,0.846522927284241,0.912637591362,0.361124157905579,0.0627540349960327,0.663294672966003,0.57004725933075,0.126030087471008,0.441832423210144,0.584967017173767,0.770445227622986,0.23882257938385,0.374203324317932,0.977718949317932,0.863651394844055,0.77696168422699,0.629009366035461,0.557958006858826,0.288450598716736,0.534498333930969,0.817768216133118,0.36772620677948,0.985844254493713,0.0794259309768677,0.963612198829651,0.299656748771667,0.617420792579651,57.25,82.64
0.0212754011154175,0.153231501579285,0.71893846988678,0.361221432685852,0.195257306098938,0.754430174827576,0.904426455497742,0.547252774238586,0.152578949928284,0.351292014122009,0.629904627799988,0.48765766620636,0.167675614356995,0.65002453327179,0.883239150047302,0.568235516548157,0.288899540901184,0.698860049247742,0.544419407844543,0.246386170387268,0.74598228931427,0.732265114784241,0.259771227836609,0.321744561195374,0.198321223258972,0.903436541557312,0.832716345787048,0.367705702781677,0.847509264945984,0.980046629905701,0.037014365196228,0.11583936214447,0.616333842277527,0.254861235618591,0.90454113483429,0.811282992362976,0.196022629737854,0.0441411733627319,0.0920408964157104,0.167834877967834,0.609513163566589,0.66064989566803,0.52603542804718,0.776477932929993,0.0189086198806763,0.643064379692078,0.934786200523376,0.826640009880066,0.667195200920105,0.729955315589905,0.621930718421936,0.0351463556289673,0.801108241081238,0.706191658973694,0.479231953620911,0.305965542793274,0.86768114566803,0.634130120277405,0.717749714851379,0.985709071159363,0.556141257286072,0.768407702445984,0.031316876411438,0.386539816856384,0.138225436210632,0.845606684684753,0.752418875694275,0.0816742181777954,0.478890061378479,0.334434628486633,0.531230568885803,0.701525568962097,0.0683456659317017,0.599872231483459,0.731096625328064,0.69249165058136,0.917696595191956,0.629672169685364,0.437409996986389,0.783875346183777,0.492250323295593,0.445863127708435,0.596522927284241,0.162637591362,0.611124157905579,0.812754034996033,0.913294672966003,0.32004725933075,0.876030087471008,0.691832423210144,0.834967017173767,0.0204452276229858,0.98882257938385,0.124203324317932,0.227718949317932,0.113651394844055,0.0269616842269897,0.879009366035461,0.307958006858826,0.0384505987167358,0.284498333930969,0.567768216133118,0.11772620677948,0.235844254493713,0.829425930976868,0.713612198829651,0.549656748771667,0.367420792579651,53.71,78.78
0.521275401115417,0.653231501579285,0.21893846988678,0.861221432685852,0.695257306098938,0.254430174827576,0.404426455497742,0.0472527742385864,0.652578949928284,0.851292014122009,0.129904627799988,0.98765766620636,0.667675614356995,0.15002453327179,0.383239150047302,0.0682355165481567,0.788899540901184,0.198860049247742,0.0444194078445435,0.746386170387268,0.24598228931427,0.232265114784241,0.759771227836609,0.821744561195374,0.698321223258972,0.403436541557312,0.332716345787048,0.867705702781677,0.347509264945984,0.480046629905701,0.537014365196228,0.61583936214447,0.116333842277527,0.754861235618591,0.40454113483429,0.311282992362976,0.696022629737854,0.544141173362732,0.59204089641571,0.667834877967834,0.109513163566589,0.16064989566803,0.0260354280471802,0.276477932929993,0.518908619880676,0.143064379692078,0.434786200523376,0.326640009880066,0.167195200920105,0.229955315589905,0.121930718421936,0.535146355628967,0.301108241081238,0.206191658973694,0.979231953620911,0.805965542793274,0.36768114566803,0.134130120277405,0.217749714851379,0.485709071159363,0.0561412572860718,0.268407702445984,0.531316876411438,0.886539816856384,0.638225436210632,0.345606684684753,0.252418875694275,0.581674218177795,0.978890061378479,0.834434628486633,0.0312305688858032,0.201525568962097,0.568345665931702,0.0998722314834595,0.231096625328064,0.19249165058136,0.417696595191956,0.129672169685364,0.937409996986389,0.283875346183777,0.992250323295593,0.945863127708435,0.0965229272842407,0.662637591362,0.111124157905579,0.312754034996033,0.413294672966003,0.82004725933075,0.376030087471008,0.191832423210144,0.334967017173767,0.520445227622986,0.48882257938385,0.624203324317932,0.727718949317932,0.613651394844055,0.52696168422699,0.379009366035461,0.807958006858826,0.538450598716736,0.784498333930969,0.0677682161331177,0.61772620677948,0.735844254493713,0.329425930976868,0.213612198829651,0.0496567487716675,0.867420792579651,54.05,80.16
0.146275401115417,0.528231501579285,0.34393846988678,0.736221432685852,0.570257306098938,0.879430174827576,0.529426455497742,0.922252774238586,0.777578949928284,0.976292014122009,0.00490462779998779,0.61265766620636,0.792675614356995,0.52502453327179,0.508239150047302,0.943235516548157,0.663899540901184,0.0738600492477417,0.669419407844543,0.121386170387268,0.12098228931427,0.857265114784241,0.634771227836609,0.446744561195374,0.823321223258972,0.278436541557312,0.957716345787048,0.242705702781677,0.222509264945984,0.105046629905701,0.162014365196228,0.24083936214447,0.741333842277527,0.879861235618591,0.0295411348342896,0.186282992362976,0.571022629737854,0.169141173362732,0.46704089641571,0.292834877967834,0.484513163566589,0.0356498956680298,0.15103542804718,0.401477932929993,0.393908619880676,0.768064379692078,0.559786200523376,0.951640009880066,0.542195200920105,0.104955315589905,0.746930718421936,0.160146355628967,0.426108241081238,0.831191658973694,0.104231953620911,0.180965542793274,0.74268114566803,0.509130120277405,0.842749714851379,0.110709071159363,0.181141257286072,0.143407702445984,0.406316876411438,0.511539816856384,0.0132254362106323,0.720606684684753,0.627418875694275,0.706674218177795,0.353890061378479,0.209434628486633,0.156230568885803,0.0765255689620972,0.943345665931702,0.474872231483459,0.356096625328064,0.56749165058136,0.792696595191956,0.754672169685364,0.0624099969863892,0.908875346183777,0.367250323295593,0.820863127708435,0.721522927284241,0.537637591362,0.486124157905579,0.437754034996033,0.788294672966003,0.69504725933075,0.251030087471008,0.816832423210144,0.709967017173767,0.145445227622986,0.36382257938385,0.999203324317932,0.102718949317932,0.988651394844055,0.65196168422699,0.754009366035461,0.682958006858826,0.413450598716736,0.409498333930969,0.442768216133118,0.24272620677948,0.860844254493713,0.704425930976868,0.838612198829651,0.174656748771667,0.742420792579651,56.6,81.95
0.646275401115417,0.0282315015792847,0.84393846988678,0.236221432685852,0.070257306098938,0.379430174827576,0.0294264554977417,0.422252774238586,0.277578949928284,0.476292014122009,0.504904627799988,0.11265766620636,0.292675614356995,0.0250245332717896,0.00823915004730225,0.443235516548157,0.163899540901184,0.573860049247742,0.169419407844543,0.621386170387268,0.62098228931427,0.357265114784241,0.134771227836609,0.946744561195374,0.323321223258972,0.778436541557312,0.457716345787048,0.742705702781677,0.722509264945984,0.605046629905701,0.662014365196228,0.74083936214447,0.241333842277527,0.379861235618591,0.52954113483429,0.686282992362976,0.071022629737854,0.669141173362732,0.96704089641571,0.792834877967834,0.984513163566589,0.53564989566803,0.65103542804718,0.901477932929993,0.893908619880676,0.268064379692078,0.0597862005233765,0.451640009880066,0.042195200920105,0.604955315589905,0.246930718421936,0.660146355628967,0.926108241081238,0.331191658973694,0.604231953620911,0.680965542793274,0.24268114566803,0.00913012027740479,0.342749714851379,0.610709071159363,0.681141257286072,0.643407702445984,0.906316876411438,0.0115398168563843,0.513225436210632,0.220606684684753,0.127418875694275,0.206674218177795,0.853890061378479,0.709434628486633,0.656230568885803,0.576525568962097,0.443345665931702,0.974872231483459,0.856096625328064,0.0674916505813599,0.292696595191956,0.254672169685364,0.562409996986389,0.408875346183777,0.867250323295593,0.320863127708435,0.221522927284241,0.0376375913619995,0.986124157905579,0.937754034996033,0.288294672966003,0.19504725933075,0.751030087471008,0.316832423210144,0.209967017173767,0.645445227622986,0.86382257938385,0.499203324317932,0.602718949317932,0.488651394844055,0.15196168422699,0.254009366035461,0.182958006858826,0.913450598716736,0.909498333930969,0.942768216133118,0.74272620677948,0.360844254493713,0.204425930976868,0.338612198829651,0.674656748771667,0.242420792579651,61.32,84.96
0.896275401115417,0.778231501579285,0.59393846988678,0.986221432685852,0.320257306098938,0.629430174827576,0.279426455497742,0.672252774238586,0.527578949928284,0.226292014122009,0.254904627799988,0.36265766620636,0.542675614356995,0.27502453327179,0.758239150047302,0.193235516548157,0.413899540901184,0.323860049247742,0.419419407844543,0.371386170387268,0.87098228931427,0.607265114784241,0.384771227836609,0.196744561195374,0.573321223258972,0.528436541557312,0.207716345787048,0.992705702781677,0.472509264945984,0.855046629905701,0.412014365196228,0.99083936214447,0.991333842277527,0.629861235618591,0.77954113483429,0.436282992362976,0.321022629737854,0.919141173362732,0.71704089641571,0.0428348779678345,0.734513163566589,0.28564989566803,0.90103542804718,0.651477932929993,0.643908619880676,0.518064379692078,0.809786200523376,0.201640009880066,0.792195200920105,0.354955315589905,0.496930718421936,0.910146355628967,0.176108241081238,0.581191658973694,0.854231953620911,0.430965542793274,0.99268114566803,0.759130120277405,0.0927497148513794,0.360709071159363,0.931141257286072,0.393407702445984,0.656316876411438,0.261539816856384,0.263225436210632,0.970606684684753,0.377418875694275,0.456674218177795,0.603890061378479,0.959434628486633,0.406230568885803,0.826525568962097,0.193345665931702,0.224872231483459,0.606096625328064,0.31749165058136,0.0426965951919556,0.504672169685364,0.312409996986389,0.158875346183777,0.117250323295593,0.570863127708435,0.471522927284241,0.787637591362,0.236124157905579,0.187754034996033,0.0382946729660034,0.94504725933075,0.0010300874710083,0.566832423210144,0.459967017173767,0.395445227622986,0.11382257938385,0.249203324317932,0.352718949317932,0.738651394844055,0.90196168422699,0.00400936603546143,0.932958006858826,0.663450598716736,0.159498333930969,0.692768216133118,0.99272620677948,0.610844254493713,0.954425930976868,0.0886121988296509,0.424656748771667,0.992420792579651,55.97,81.44
0.396275401115417,0.278231501579285,0.0939384698867798,0.486221432685852,0.820257306098938,0.129430174827576,0.779426455497742,0.172252774238586,0.0275789499282837,0.726292014122009,0.754904627799988,0.86265766620636,0.0426756143569946,0.77502453327179,0.258239150047302,0.693235516548157,0.913899540901184,0.823860049247742,0.919419407844543,0.871386170387268,0.37098228931427,0.107265114784241,0.884771227836609,0.696744561195374,0.0733212232589722,0.028436541557312,0.707716345787048,0.492705702781677,0.972509264945984,0.355046629905701,0.912014365196228,0.49083936214447,0.491333842277527,0.129861235618591,0.27954113483429,0.936282992362976,0.821022629737854,0.419141173362732,0.21704089641571,0.542834877967834,0.234513163566589,0.78564989566803,0.40103542804718,0.151477932929993,0.143908619880676,0.0180643796920776,0.309786200523376,0.701640009880066,0.292195200920105,0.854955315589905,0.996930718421936,0.410146355628967,0.676108241081238,0.0811916589736938,0.354231953620911,0.930965542793274,0.49268114566803,0.259130120277405,0.592749714851379,0.860709071159363,0.431141257286072,0.893407702445984,0.156316876411438,0.761539816856384,0.763225436210632,0.470606684684753,0.877418875694275,0.956674218177795,0.103890061378479,0.459434628486633,0.906230568885803,0.326525568962097,0.693345665931702,0.724872231483459,0.106096625328064,0.81749165058136,0.542696595191956,0.00467216968536377,0.812409996986389,0.658875346183777,0.617250323295593,0.0708631277084351,0.971522927284241,0.287637591362,0.736124157905579,0.687754034996033,0.538294672966003,0.44504725933075,0.501030087471008,0.066832423210144,0.959967017173767,0.895445227622986,0.61382257938385,0.749203324317932,0.852718949317932,0.238651394844055,0.40196168422699,0.504009366035461,0.432958006858826,0.163450598716736,0.659498333930969,0.192768216133118,0.49272620677948,0.110844254493713,0.454425930976868,0.588612198829651,0.924656748771667,0.492420792579651,59.52,82.24
0.0837754011154175,0.840731501579285,0.0314384698867798,0.0487214326858521,0.00775730609893799,0.816930174827576,0.591926455497742,0.109752774238586,0.965078949928284,0.913792014122009,0.692404627799988,0.30015766620636,0.355175614356995,0.21252453327179,0.695739150047302,0.255735516548157,0.601399540901184,0.0113600492477417,0.731919407844543,0.808886170387268,0.93348228931427,0.544765114784241,0.697271227836609,0.134244561195374,0.635821223258972,0.215936541557312,0.270216345787048,0.305205702781677,0.410009264945984,0.542546629905701,0.349514365196228,0.92833936214447,0.553833842277527,0.692361235618591,0.34204113483429,0.623782992362976,0.508522629737854,0.106641173362732,0.40454089641571,0.730334877967834,0.922013163566589,0.84814989566803,0.58853542804718,0.213977932929993,0.956408619880676,0.330564379692078,0.247286200523376,0.889140009880066,0.604695200920105,0.292455315589905,0.809430718421936,0.597646355628967,0.738608241081238,0.393691658973694,0.291731953620911,0.243465542793274,0.55518114566803,0.0716301202774048,0.155249714851379,0.923209071159363,0.118641257286072,0.830907702445984,0.343816876411438,0.0740398168563843,0.950725436210632,0.283106684684753,0.314918875694275,0.0191742181777954,0.041390061378479,0.396934628486633,0.843730568885803,0.639025568962097,0.630845665931702,0.162372231483459,0.418596625328064,0.75499165058136,0.605196595191956,0.192172169685364,0.999909996986389,0.846375346183777,0.429750323295593,0.258363127708435,0.0340229272842407,0.850137591362,0.548624157905579,0.500254034996033,0.225794672966003,0.25754725933075,0.438530087471008,0.129332423210144,0.272467017173767,0.582945227622986,0.42632257938385,0.811703324317932,0.540218949317932,0.176151394844055,0.33946168422699,0.316509366035461,0.995458006858826,0.850950598716736,0.0969983339309692,0.630268216133118,0.93022620677948,0.173344254493713,0.391925930976868,0.0261121988296509,0.987156748771667,0.554920792579651,58.47,81.93
0.583775401115417,0.340731501579285,0.53143846988678,0.548721432685852,0.507757306098938,0.316930174827576,0.0919264554977417,0.609752774238586,0.465078949928284,0.413792014122009,0.192404627799988,0.80015766620636,0.855175614356995,0.71252453327179,0.195739150047302,0.755735516548157,0.101399540901184,0.511360049247742,0.231919407844543,0.308886170387268,0.43348228931427,0.0447651147842407,0.197271227836609,0.634244561195374,0.135821223258972,0.715936541557312,0.770216345787048,0.805205702781677,0.910009264945984,0.0425466299057007,0.849514365196228,0.42833936214447,0.0538338422775269,0.192361235618591,0.84204113483429,0.123782992362976,0.008522629737854,0.606641173362732,0.90454089641571,0.230334877967834,0.422013163566589,0.34814989566803,0.0885354280471802,0.713977932929993,0.456408619880676,0.830564379692078,0.747286200523376,0.389140009880066,0.104695200920105,0.792455315589905,0.309430718421936,0.0976463556289673,0.238608241081238,0.893691658973694,0.791731953620911,0.743465542793274,0.0551811456680298,0.571630120277405,0.655249714851379,0.423209071159363,0.618641257286072,0.330907702445984,0.843816876411438,0.574039816856384,0.450725436210632,0.783106684684753,0.814918875694275,0.519174218177795,0.541390061378479,0.896934628486633,0.343730568885803,0.139025568962097,0.130845665931702,0.662372231483459,0.918596625328064,0.25499165058136,0.105196595191956,0.692172169685364,0.499909996986389,0.346375346183777,0.929750323295593,0.758363127708435,0.534022927284241,0.350137591362,0.0486241579055786,0.000254034996032715,0.725794672966003,0.75754725933075,0.938530087471008,0.629332423210144,0.772467017173767,0.0829452276229858,0.92632257938385,0.311703324317932,0.0402189493179321,0.676151394844055,0.83946168422699,0.816509366035461,0.495458006858826,0.350950598716736,0.596998333930969,0.130268216133118,0.43022620677948,0.673344254493713,0.891925930976868,0.526112198829651,0.487156748771667,0.0549207925796509,49.36,75.67
0.833775401115417,0.590731501579285,0.78143846988678,0.298721432685852,0.757757306098938,0.566930174827576,0.341926455497742,0.359752774238586,0.715078949928284,0.163792014122009,0.942404627799988,0.55015766620636,0.105175614356995,0.96252453327179,0.945739150047302,0.505735516548157,0.351399540901184,0.261360049247742,0.481919407844543,0.558886170387268,0.18348228931427,0.794765114784241,0.447271227836609,0.384244561195374,0.885821223258972,0.965936541557312,0.520216345787048,0.555205702781677,0.160009264945984,0.292546629905701,0.099514365196228,0.17833936214447,0.803833842277527,0.942361235618591,0.59204113483429,0.873782992362976,0.258522629737854,0.856641173362732,0.65454089641571,0.980334877967834,0.172013163566589,0.59814989566803,0.33853542804718,0.963977932929993,0.206408619880676,0.0805643796920776,0.497286200523376,0.139140009880066,0.854695200920105,0.0424553155899048,0.059430718421936,0.347646355628967,0.988608241081238,0.143691658973694,0.541731953620911,0.493465542793274,0.80518114566803,0.321630120277405,0.905249714851379,0.673209071159363,0.868641257286072,0.580907702445984,0.593816876411438,0.824039816856384,0.700725436210632,0.0331066846847534,0.564918875694275,0.769174218177795,0.791390061378479,0.646934628486633,0.593730568885803,0.389025568962097,0.380845665931702,0.412372231483459,0.668596625328064,0.00499165058135986,0.355196595191956,0.442172169685364,0.749909996986389,0.0963753461837769,0.179750323295593,0.00836312770843506,0.784022927284241,0.600137591362,0.798624157905579,0.750254034996033,0.975794672966003,0.00754725933074951,0.188530087471008,0.379332423210144,0.522467017173767,0.832945227622986,0.17632257938385,0.0617033243179321,0.790218949317932,0.426151394844055,0.0894616842269897,0.566509366035461,0.745458006858826,0.100950598716736,0.346998333930969,0.380268216133118,0.18022620677948,0.423344254493713,0.141925930976868,0.776112198829651,0.737156748771667,0.804920792579651,70.12,90.36
0.333775401115417,0.0907315015792847,0.28143846988678,0.798721432685852,0.257757306098938,0.0669301748275757,0.841926455497742,0.859752774238586,0.215078949928284,0.663792014122009,0.442404627799988,0.0501576662063599,0.605175614356995,0.46252453327179,0.445739150047302,0.00573551654815674,0.851399540901184,0.761360049247742,0.981919407844543,0.0588861703872681,0.68348228931427,0.294765114784241,0.947271227836609,0.884244561195374,0.385821223258972,0.465936541557312,0.0202163457870483,0.0552057027816772,0.660009264945984,0.792546629905701,0.599514365196228,0.67833936214447,0.303833842277527,0.442361235618591,0.0920411348342896,0.373782992362976,0.758522629737854,0.356641173362732,0.15454089641571,0.480334877967834,0.672013163566589,0.0981498956680298,0.83853542804718,0.463977932929993,0.706408619880676,0.580564379692078,0.997286200523376,0.639140009880066,0.354695200920105,0.542455315589905,0.559430718421936,0.847646355628967,0.488608241081238,0.643691658973694,0.0417319536209106,0.993465542793274,0.30518114566803,0.821630120277405,0.405249714851379,0.173209071159363,0.368641257286072,0.0809077024459839,0.093816876411438,0.324039816856384,0.200725436210632,0.533106684684753,0.0649188756942749,0.269174218177795,0.291390061378479,0.146934628486633,0.0937305688858032,0.889025568962097,0.880845665931702,0.912372231483459,0.168596625328064,0.50499165058136,0.855196595191956,0.942172169685364,0.249909996986389,0.596375346183777,0.679750323295593,0.508363127708435,0.284022927284241,0.100137591362,0.298624157905579,0.250254034996033,0.475794672966003,0.50754725933075,0.688530087471008,0.879332423210144,0.0224670171737671,0.332945227622986,0.67632257938385,0.561703324317932,0.290218949317932,0.926151394844055,0.58946168422699,0.0665093660354614,0.245458006858826,0.600950598716736,0.846998333930969,0.880268216133118,0.68022620677948,0.923344254493713,0.641925930976868,0.276112198829651,0.237156748771667,0.304920792579651,56.27,81.48
0.958775401115417,0.215731501579285,0.15643846988678,0.673721432685852,0.382757306098938,0.691930174827576,0.216926455497742,0.234752774238586,0.340078949928284,0.538792014122009,0.317404627799988,0.42515766620636,0.980175614356995,0.83752453327179,0.570739150047302,0.880735516548157,0.726399540901184,0.886360049247742,0.356919407844543,0.683886170387268,0.55848228931427,0.669765114784241,0.572271227836609,0.259244561195374,0.0108212232589722,0.340936541557312,0.645216345787048,0.930205702781677,0.785009264945984,0.667546629905701,0.224514365196228,0.0533393621444702,0.928833842277527,0.317361235618591,0.46704113483429,0.248782992362976,0.883522629737854,0.981641173362732,0.77954089641571,0.605334877967834,0.797013163566589,0.22314989566803,0.96353542804718,0.338977932929993,0.331408619880676,0.455564379692078,0.122286200523376,0.0141400098800659,0.979695200920105,0.667455315589905,0.184430718421936,0.472646355628967,0.363608241081238,0.268691658973694,0.916731953620911,0.118465542793274,0.68018114566803,0.446630120277405,0.530249714851379,0.298209071159363,0.493641257286072,0.455907702445984,0.968816876411438,0.199039816856384,0.575725436210632,0.408106684684753,0.939918875694275,0.394174218177795,0.916390061378479,0.771934628486633,0.218730568885803,0.764025568962097,0.505845665931702,0.537372231483459,0.293596625328064,0.12999165058136,0.480196595191956,0.0671721696853638,0.874909996986389,0.221375346183777,0.0547503232955933,0.633363127708435,0.909022927284241,0.225137591362,0.173624157905579,0.375254034996033,0.850794672966003,0.88254725933075,0.563530087471008,0.00433242321014404,0.897467017173767,0.957945227622986,0.55132257938385,0.936703324317932,0.915218949317932,0.551151394844055,0.71446168422699,0.691509366035461,0.370458006858826,0.475950598716736,0.471998333930969,0.505268216133118,0.05522620677948,0.548344254493713,0.266925930976868,0.651112198829651,0.112156748771667,0.179920792579651,56.95,83.51
0.458775401115417,0.715731501579285,0.65643846988678,0.173721432685852,0.882757306098938,0.191930174827576,0.716926455497742,0.734752774238586,0.840078949928284,0.0387920141220093,0.817404627799988,0.92515766620636,0.480175614356995,0.33752453327179,0.0707391500473022,0.380735516548157,0.226399540901184,0.386360049247742,0.856919407844543,0.183886170387268,0.05848228931427,0.169765114784241,0.0722712278366089,0.759244561195374,0.510821223258972,0.840936541557312,0.145216345787048,0.430205702781677,0.285009264945984,0.167546629905701,0.724514365196228,0.55333936214447,0.428833842277527,0.817361235618591,0.96704113483429,0.748782992362976,0.383522629737854,0.481641173362732,0.27954089641571,0.105334877967834,0.297013163566589,0.72314989566803,0.46353542804718,0.838977932929993,0.831408619880676,0.955564379692078,0.622286200523376,0.514140009880066,0.479695200920105,0.167455315589905,0.684430718421936,0.972646355628967,0.863608241081238,0.768691658973694,0.416731953620911,0.618465542793274,0.18018114566803,0.946630120277405,0.0302497148513794,0.798209071159363,0.993641257286072,0.955907702445984,0.468816876411438,0.699039816856384,0.0757254362106323,0.908106684684753,0.439918875694275,0.894174218177795,0.416390061378479,0.271934628486633,0.718730568885803,0.264025568962097,0.00584566593170166,0.0373722314834595,0.793596625328064,0.62999165058136,0.980196595191956,0.567172169685364,0.374909996986389,0.721375346183777,0.554750323295593,0.133363127708435,0.409022927284241,0.725137591362,0.673624157905579,0.875254034996033,0.350794672966003,0.38254725933075,0.0635300874710083,0.504332423210144,0.397467017173767,0.457945227622986,0.0513225793838501,0.436703324317932,0.415218949317932,0.0511513948440552,0.21446168422699,0.191509366035461,0.870458006858826,0.975950598716736,0.971998333930969,0.00526821613311768,0.55522620677948,0.0483442544937134,0.766925930976868,0.151112198829651,0.612156748771667,0.679920792579651,71.71,91.39
0.208775401115417,0.465731501579285,0.90643846988678,0.923721432685852,0.632757306098938,0.941930174827576,0.966926455497742,0.484752774238586,0.0900789499282837,0.288792014122009,0.0674046277999878,0.67515766620636,0.730175614356995,0.0875245332717896,0.820739150047302,0.130735516548157,0.476399540901184,0.636360049247742,0.606919407844543,0.933886170387268,0.30848228931427,0.919765114784241,0.322271227836609,0.00924456119537354,0.260821223258972,0.590936541557312,0.395216345787048,0.180205702781677,0.535009264945984,0.417546629905701,0.474514365196228,0.80333936214447,0.678833842277527,0.0673612356185913,0.71704113483429,0.498782992362976,0.133522629737854,0.231641173362732,0.0295408964157104,0.855334877967834,0.0470131635665894,0.47314989566803,0.21353542804718,0.588977932929993,0.581408619880676,0.205564379692078,0.372286200523376,0.764140009880066,0.729695200920105,0.917455315589905,0.934430718421936,0.722646355628967,0.113608241081238,0.0186916589736938,0.166731953620911,0.368465542793274,0.93018114566803,0.196630120277405,0.280249714851379,0.0482090711593628,0.743641257286072,0.205907702445984,0.218816876411438,0.949039816856384,0.825725436210632,0.158106684684753,0.189918875694275,0.644174218177795,0.166390061378479,0.0219346284866333,0.468730568885803,0.0140255689620972,0.255845665931702,0.787372231483459,0.543596625328064,0.87999165058136,0.730196595191956,0.317172169685364,0.624909996986389,0.971375346183777,0.304750323295593,0.883363127708435,0.159022927284241,0.475137591362,0.423624157905579,0.125254034996033,0.100794672966003,0.63254725933075,0.813530087471008,0.254332423210144,0.147467017173767,0.707945227622986,0.80132257938385,0.186703324317932,0.665218949317932,0.801151394844055,0.96446168422699,0.441509366035461,0.120458006858826,0.725950598716736,0.221998333930969,0.255268216133118,0.80522620677948,0.798344254493713,0.0169259309768677,0.401112198829651,0.362156748771667,0.429920792579651,29.09,54.68
0.708775401115417,0.965731501579285,0.40643846988678,0.423721432685852,0.132757306098938,0.441930174827576,0.466926455497742,0.984752774238586,0.590078949928284,0.788792014122009,0.567404627799988,0.17515766620636,0.230175614356995,0.58752453327179,0.320739150047302,0.630735516548157,0.976399540901184,0.136360049247742,0.106919407844543,0.433886170387268,0.80848228931427,0.419765114784241,0.822271227836609,0.509244561195374,0.760821223258972,0.090936541557312,0.895216345787048,0.680205702781677,0.0350092649459839,0.917546629905701,0.974514365196228,0.30333936214447,0.178833842277527,0.567361235618591,0.21704113483429,0.998782992362976,0.633522629737854,0.731641173362732,0.52954089641571,0.355334877967834,0.547013163566589,0.97314989566803,0.71353542804718,0.0889779329299927,0.0814086198806763,0.705564379692078,0.872286200523376,0.264140009880066,0.229695200920105,0.417455315589905,0.434430718421936,0.222646355628967,0.613608241081238,0.518691658973694,0.666731953620911,0.868465542793274,0.43018114566803,0.696630120277405,0.780249714851379,0.548209071159363,0.243641257286072,0.705907702445984,0.718816876411438,0.449039816856384,0.325725436210632,0.658106684684753,0.689918875694275,0.144174218177795,0.666390061378479,0.521934628486633,0.968730568885803,0.514025568962097,0.755845665931702,0.287372231483459,0.043596625328064,0.37999165058136,0.230196595191956,0.817172169685364,0.124909996986389,0.471375346183777,0.804750323295593,0.383363127708435,0.659022927284241,0.975137591362,0.923624157905579,0.625254034996033,0.600794672966003,0.13254725933075,0.313530087471008,0.754332423210144,0.647467017173767,0.207945227622986,0.30132257938385,0.686703324317932,0.165218949317932,0.301151394844055,0.46446168422699,0.941509366035461,0.620458006858826,0.225950598716736,0.721998333930969,0.755268216133118,0.30522620677948,0.298344254493713,0.516925930976868,0.901112198829651,0.862156748771667,0.929920792579651,68.94,89.45
0.365025401115417,0.621981501579285,0.12518846988678,0.954971432685852,0.226507306098938,0.348180174827576,0.185676455497742,0.578502774238586,0.183828949928284,0.445042014122009,0.0361546277999878,0.89390766620636,0.198925614356995,0.80627453327179,0.914489150047302,0.349485516548157,0.0701495409011841,0.980110049247742,0.575669407844543,0.527636170387268,0.65223228931427,0.513515114784241,0.103521227836609,0.977994561195374,0.604571223258972,0.184686541557312,0.176466345787048,0.711455702781677,0.441259264945984,0.323796629905701,0.193264365196228,0.52208936214447,0.272583842277527,0.973611235618591,0.49829113483429,0.405032992362976,0.727272629737854,0.0753911733627319,0.87329089641571,0.699084877967834,0.703263163566589,0.19189989566803,0.43228542804718,0.307727932929993,0.675158619880676,0.111814379692078,0.278536200523376,0.732890009880066,0.260945200920105,0.136205315589905,0.278180718421936,0.0663963556289673,0.769858241081238,0.987441658973694,0.572981953620911,0.899715542793274,0.0864311456680298,0.165380120277405,0.373999714851379,0.391959071159363,0.462391257286072,0.612157702445984,0.625066876411438,0.855289816856384,0.731975436210632,0.251856684684753,0.471168875694275,0.112924218177795,0.697640061378479,0.990684628486633,0.562480568885803,0.420275568962097,0.349595665931702,0.818622231483459,0.012346625328064,0.84874165058136,0.261446595191956,0.410922169685364,0.0311599969863892,0.940125346183777,0.0235003232955933,0.164613127708435,0.440272927284241,0.318887591362,0.0798741579055786,0.281504034996033,0.319544672966003,0.16379725933075,0.907280087471008,0.535582423210144,0.803717017173767,0.114195227622986,0.58257257938385,0.717953324317932,0.571468949317932,0.582401394844055,0.37071168422699,0.410259366035461,0.589208006858826,0.0697005987167358,0.253248333930969,0.474018216133118,0.02397620677948,0.767094254493713,0.985675930976868,0.369862198829651,0.0809067487716675,0.648670792579651,51.11,77.79
0.865025401115417,0.121981501579285,0.62518846988678,0.454971432685852,0.726507306098938,0.848180174827576,0.685676455497742,0.0785027742385864,0.683828949928284,0.945042014122009,0.536154627799988,0.39390766620636,0.698925614356995,0.30627453327179,0.414489150047302,0.849485516548157,0.570149540901184,0.480110049247742,0.0756694078445435,0.0276361703872681,0.15223228931427,0.0135151147842407,0.603521227836609,0.477994561195374,0.104571223258972,0.684686541557312,0.676466345787048,0.211455702781677,0.941259264945984,0.823796629905701,0.693264365196228,0.0220893621444702,0.772583842277527,0.473611235618591,0.99829113483429,0.905032992362976,0.227272629737854,0.575391173362732,0.37329089641571,0.199084877967834,0.203263163566589,0.69189989566803,0.93228542804718,0.807727932929993,0.175158619880676,0.611814379692078,0.778536200523376,0.232890009880066,0.760945200920105,0.636205315589905,0.778180718421936,0.566396355628967,0.269858241081238,0.487441658973694,0.0729819536209106,0.399715542793274,0.58643114566803,0.665380120277405,0.873999714851379,0.891959071159363,0.962391257286072,0.112157702445984,0.125066876411438,0.355289816856384,0.231975436210632,0.751856684684753,0.971168875694275,0.612924218177795,0.197640061378479,0.490684628486633,0.0624805688858032,0.920275568962097,0.849595665931702,0.318622231483459,0.512346625328064,0.34874165058136,0.761446595191956,0.910922169685364,0.531159996986389,0.440125346183777,0.523500323295593,0.664613127708435,0.940272927284241,0.818887591362,0.579874157905579,0.781504034996033,0.819544672966003,0.66379725933075,0.407280087471008,0.035582423210144,0.303717017173767,0.614195227622986,0.0825725793838501,0.217953324317932,0.0714689493179321,0.0824013948440552,0.87071168422699,0.910259366035461,0.0892080068588257,0.569700598716736,0.753248333930969,0.974018216133118,0.52397620677948,0.267094254493713,0.485675930976868,0.869862198829651,0.580906748771667,0.148670792579651,69.29,89.63
0.615025401115417,0.871981501579285,0.87518846988678,0.704971432685852,0.976507306098938,0.0981801748275757,0.935676455497742,0.828502774238586,0.433828949928284,0.695042014122009,0.286154627799988,0.14390766620636,0.448925614356995,0.0562745332717896,0.664489150047302,0.599485516548157,0.820149540901184,0.730110049247742,0.325669407844543,0.777636170387268,0.40223228931427,0.763515114784241,0.853521227836609,0.727994561195374,0.854571223258972,0.934686541557312,0.926466345787048,0.461455702781677,0.191259264945984,0.573796629905701,0.443264365196228,0.27208936214447,0.0225838422775269,0.723611235618591,0.74829113483429,0.155032992362976,0.477272629737854,0.825391173362732,0.12329089641571,0.949084877967834,0.453263163566589,0.44189989566803,0.68228542804718,0.557727932929993,0.425158619880676,0.361814379692078,0.0285362005233765,0.482890009880066,0.010945200920105,0.386205315589905,0.528180718421936,0.816396355628967,0.519858241081238,0.737441658973694,0.322981953620911,0.649715542793274,0.33643114566803,0.415380120277405,0.623999714851379,0.141959071159363,0.712391257286072,0.862157702445984,0.375066876411438,0.105289816856384,0.981975436210632,0.00185668468475342,0.721168875694275,0.862924218177795,0.447640061378479,0.240684628486633,0.812480568885803,0.670275568962097,0.599595665931702,0.568622231483459,0.762346625328064,0.0987416505813599,0.511446595191956,0.160922169685364,0.281159996986389,0.190125346183777,0.273500323295593,0.414613127708435,0.690272927284241,0.0688875913619995,0.329874157905579,0.0315040349960327,0.569544672966003,0.41379725933075,0.657280087471008,0.785582423210144,0.0537170171737671,0.364195227622986,0.83257257938385,0.467953324317932,0.821468949317932,0.832401394844055,0.12071168422699,0.660259366035461,0.839208006858826,0.819700598716736,0.00324833393096924,0.724018216133118,0.77397620677948,0.517094254493713,0.735675930976868,0.619862198829651,0.330906748771667,0.898670792579651,46.41,74.38
0.115025401115417,0.371981501579285,0.37518846988678,0.204971432685852,0.476507306098938,0.598180174827576,0.435676455497742,0.328502774238586,0.933828949928284,0.195042014122009,0.786154627799988,0.64390766620636,0.948925614356995,0.55627453327179,0.164489150047302,0.0994855165481567,0.320149540901184,0.230110049247742,0.825669407844543,0.277636170387268,0.90223228931427,0.263515114784241,0.353521227836609,0.227994561195374,0.354571223258972,0.434686541557312,0.426466345787048,0.961455702781677,0.691259264945984,0.0737966299057007,0.943264365196228,0.77208936214447,0.522583842277527,0.223611235618591,0.24829113483429,0.655032992362976,0.977272629737854,0.325391173362732,0.62329089641571,0.449084877967834,0.953263163566589,0.94189989566803,0.18228542804718,0.0577279329299927,0.925158619880676,0.861814379692078,0.528536200523376,0.982890009880066,0.510945200920105,0.886205315589905,0.028180718421936,0.316396355628967,0.0198582410812378,0.237441658973694,0.822981953620911,0.149715542793274,0.83643114566803,0.915380120277405,0.123999714851379,0.641959071159363,0.212391257286072,0.362157702445984,0.875066876411438,0.605289816856384,0.481975436210632,0.501856684684753,0.221168875694275,0.362924218177795,0.947640061378479,0.740684628486633,0.312480568885803,0.170275568962097,0.0995956659317017,0.0686222314834595,0.262346625328064,0.59874165058136,0.0114465951919556,0.660922169685364,0.781159996986389,0.690125346183777,0.773500323295593,0.914613127708435,0.190272927284241,0.568887591362,0.829874157905579,0.531504034996033,0.0695446729660034,0.91379725933075,0.157280087471008,0.285582423210144,0.553717017173767,0.864195227622986,0.33257257938385,0.967953324317932,0.321468949317932,0.332401394844055,0.62071168422699,0.160259366035461,0.339208006858826,0.319700598716736,0.503248333930969,0.224018216133118,0.27397620677948,0.0170942544937134,0.235675930976868,0.119862198829651,0.830906748771667,0.398670792579651,61.17,84.51
0.740025401115417,0.496981501579285,0.000188469886779785,0.329971432685852,0.351507306098938,0.223180174827576,0.560676455497742,0.703502774238586,0.558828949928284,0.0700420141220093,0.911154627799988,0.76890766620636,0.573925614356995,0.18127453327179,0.789489150047302,0.974485516548157,0.195149540901184,0.105110049247742,0.450669407844543,0.902636170387268,0.77723228931427,0.638515114784241,0.228521227836609,0.602994561195374,0.229571223258972,0.309686541557312,0.801466345787048,0.0864557027816772,0.816259264945984,0.448796629905701,0.318264365196228,0.39708936214447,0.147583842277527,0.0986112356185913,0.37329113483429,0.780032992362976,0.852272629737854,0.950391173362732,0.49829089641571,0.574084877967834,0.578263163566589,0.81689989566803,0.0572854280471802,0.182727932929993,0.0501586198806763,0.236814379692078,0.403536200523376,0.357890009880066,0.135945200920105,0.761205315589905,0.653180718421936,0.941396355628967,0.144858241081238,0.862441658973694,0.197981953620911,0.774715542793274,0.21143114566803,0.290380120277405,0.998999714851379,0.766959071159363,0.0873912572860718,0.237157702445984,6.68764114379883e-05,0.980289816856384,0.856975436210632,0.376856684684753,0.846168875694275,0.487924218177795,0.322640061378479,0.365684628486633,0.437480568885803,0.0452755689620972,0.474595665931702,0.443622231483459,0.137346625328064,0.22374165058136,0.636446595191956,0.285922169685364,0.156159996986389,0.0651253461837769,0.398500323295593,0.789613127708435,0.565272927284241,0.693887591362,0.704874157905579,0.656504034996033,0.694544672966003,0.53879725933075,0.0322800874710083,0.660582423210144,0.428717017173767,0.489195227622986,0.45757257938385,0.592953324317932,0.946468949317932,0.207401394844055,0.74571168422699,0.535259366035461,0.214208006858826,0.694700598716736,0.128248333930969,0.349018216133118,0.89897620677948,0.392094254493713,0.860675930976868,0.994862198829651,0.955906748771667,0.0236707925796509,58.99,83.16
0.240025401115417,0.996981501579285,0.50018846988678,0.829971432685852,0.851507306098938,0.723180174827576,0.0606764554977417,0.203502774238586,0.0588289499282837,0.570042014122009,0.411154627799988,0.26890766620636,0.0739256143569946,0.68127453327179,0.289489150047302,0.474485516548157,0.695149540901184,0.605110049247742,0.950669407844543,0.402636170387268,0.27723228931427,0.138515114784241,0.728521227836609,0.102994561195374,0.729571223258972,0.809686541557312,0.301466345787048,0.586455702781677,0.316259264945984,0.948796629905701,0.818264365196228,0.89708936214447,0.647583842277527,0.598611235618591,0.87329113483429,0.280032992362976,0.352272629737854,0.450391173362732,0.99829089641571,0.0740848779678345,0.0782631635665894,0.31689989566803,0.55728542804718,0.682727932929993,0.550158619880676,0.736814379692078,0.903536200523376,0.857890009880066,0.635945200920105,0.261205315589905,0.153180718421936,0.441396355628967,0.644858241081238,0.362441658973694,0.697981953620911,0.274715542793274,0.71143114566803,0.790380120277405,0.498999714851379,0.266959071159363,0.587391257286072,0.737157702445984,0.500066876411438,0.480289816856384,0.356975436210632,0.876856684684753,0.346168875694275,0.987924218177795,0.822640061378479,0.865684628486633,0.937480568885803,0.545275568962097,0.974595665931702,0.943622231483459,0.637346625328064,0.72374165058136,0.136446595191956,0.785922169685364,0.656159996986389,0.565125346183777,0.898500323295593,0.289613127708435,0.0652729272842407,0.193887591362,0.204874157905579,0.156504034996033,0.194544672966003,0.0387972593307495,0.532280087471008,0.160582423210144,0.928717017173767,0.989195227622986,0.95757257938385,0.0929533243179321,0.446468949317932,0.707401394844055,0.24571168422699,0.0352593660354614,0.714208006858826,0.194700598716736,0.628248333930969,0.849018216133118,0.39897620677948,0.892094254493713,0.360675930976868,0.494862198829651,0.455906748771667,0.523670792579651,53.5,79.17
0.490025401115417,0.246981501579285,0.75018846988678,0.0799714326858521,0.601507306098938,0.473180174827576,0.310676455497742,0.953502774238586,0.808828949928284,0.820042014122009,0.661154627799988,0.0189076662063599,0.823925614356995,0.93127453327179,0.539489150047302,0.224485516548157,0.945149540901184,0.355110049247742,0.700669407844543,0.652636170387268,0.02723228931427,0.888515114784241,0.978521227836609,0.852994561195374,0.479571223258972,0.559686541557312,0.0514663457870483,0.836455702781677,0.566259264945984,0.698796629905701,0.068264365196228,0.64708936214447,0.397583842277527,0.348611235618591,0.62329113483429,0.530032992362976,0.102272629737854,0.200391173362732,0.74829089641571,0.824084877967834,0.328263163566589,0.56689989566803,0.80728542804718,0.932727932929993,0.800158619880676,0.486814379692078,0.153536200523376,0.607890009880066,0.385945200920105,0.511205315589905,0.403180718421936,0.191396355628967,0.394858241081238,0.612441658973694,0.947981953620911,0.524715542793274,0.46143114566803,0.0403801202774048,0.248999714851379,0.516959071159363,0.837391257286072,0.487157702445984,0.750066876411438,0.230289816856384,0.606975436210632,0.126856684684753,0.0961688756942749,0.737924218177795,0.572640061378479,0.615684628486633,0.187480568885803,0.795275568962097,0.724595665931702,0.193622231483459,0.887346625328064,0.97374165058136,0.386446595191956,0.0359221696853638,0.406159996986389,0.815125346183777,0.148500323295593,0.539613127708435,0.315272927284241,0.943887591362,0.954874157905579,0.906504034996033,0.444544672966003,0.78879725933075,0.282280087471008,0.910582423210144,0.678717017173767,0.239195227622986,0.20757257938385,0.342953324317932,0.696468949317932,0.457401394844055,0.99571168422699,0.285259366035461,0.464208006858826,0.444700598716736,0.378248333930969,0.599018216133118,0.14897620677948,0.142094254493713,0.610675930976868,0.244862198829651,0.705906748771667,0.273670792579651,70.02,89.98
0.990025401115417,0.746981501579285,0.25018846988678,0.579971432685852,0.101507306098938,0.973180174827576,0.810676455497742,0.453502774238586,0.308828949928284,0.320042014122009,0.161154627799988,0.51890766620636,0.323925614356995,0.43127453327179,0.0394891500473022,0.724485516548157,0.445149540901184,0.855110049247742,0.200669407844543,0.152636170387268,0.52723228931427,0.388515114784241,0.478521227836609,0.352994561195374,0.979571223258972,0.059686541557312,0.551466345787048,0.336455702781677,0.0662592649459839,0.198796629905701,0.568264365196228,0.14708936214447,0.897583842277527,0.848611235618591,0.12329113483429,0.0300329923629761,0.602272629737854,0.700391173362732,0.24829089641571,0.324084877967834,0.828263163566589,0.0668998956680298,0.30728542804718,0.432727932929993,0.300158619880676,0.986814379692078,0.653536200523376,0.107890009880066,0.885945200920105,0.0112053155899048,0.903180718421936,0.691396355628967,0.894858241081238,0.112441658973694,0.447981953620911,0.0247155427932739,0.96143114566803,0.540380120277405,0.748999714851379,0.0169590711593628,0.337391257286072,0.987157702445984,0.250066876411438,0.730289816856384,0.106975436210632,0.626856684684753,0.596168875694275,0.237924218177795,0.072640061378479,0.115684628486633,0.687480568885803,0.295275568962097,0.224595665931702,0.693622231483459,0.387346625328064,0.47374165058136,0.886446595191956,0.535922169685364,0.906159996986389,0.315125346183777,0.648500323295593,0.0396131277084351,0.815272927284241,0.443887591362,0.454874157905579,0.406504034996033,0.944544672966003,0.28879725933075,0.782280087471008,0.410582423210144,0.178717017173767,0.739195227622986,0.70757257938385,0.842953324317932,0.196468949317932,0.957401394844055,0.49571168422699,0.785259366035461,0.964208006858826,0.944700598716736,0.878248333930969,0.0990182161331177,0.64897620677948,0.642094254493713,0.110675930976868,0.744862198829651,0.205906748771667,0.773670792579651,51.17,77.83
0.552525401115417,0.184481501579285,0.31268846988678,0.892471432685852,0.789007306098938,0.0356801748275757,0.623176455497742,0.266002774238586,0.746328949928284,0.00754201412200928,0.348654627799988,0.0814076662063599,0.0114256143569946,0.61877453327179,0.976989150047302,0.286985516548157,0.00764954090118408,0.0426100492477417,0.388169407844543,0.215136170387268,0.21473228931427,0.951015114784241,0.166021227836609,0.790494561195374,0.292071223258972,0.247186541557312,0.488966345787048,0.398955702781677,0.503759264945984,0.886296629905701,0.130764365196228,0.70958936214447,0.0850838422775269,0.286111235618591,0.0607911348342896,0.467532992362976,0.789772629737854,0.762891173362732,0.43579089641571,0.386584877967834,0.0157631635665894,0.00439989566802979,0.74478542804718,0.495227932929993,0.612658619880676,0.674314379692078,0.841036200523376,0.295390009880066,0.198445200920105,0.573705315589905,0.840680718421936,0.253896355628967,0.957358241081238,0.424941658973694,0.385481953620911,0.837215542793274,0.0239311456680298,0.852880120277405,0.0614997148513794,0.204459071159363,0.149891257286072,0.799657702445984,0.187566876411438,0.417789816856384,0.169475436210632,0.564356684684753,0.158668875694275,0.800424218177795,0.010140061378479,0.0531846284866333,0.624980568885803,0.732775568962097,0.162095665931702,0.131122231483459,0.074846625328064,0.41124165058136,0.948946595191956,0.723422169685364,0.843659996986389,0.127625346183777,0.336000323295593,0.352113127708435,0.127772927284241,0.881387591362,0.267374157905579,0.344004034996033,0.257044672966003,0.47629725933075,0.219780087471008,0.348082423210144,0.616217017173767,0.801695227622986,0.27007257938385,0.655453324317932,0.383968949317932,0.894901394844055,0.30821168422699,0.0977593660354614,0.401708006858826,0.00720059871673584,0.315748333930969,0.536518216133118,0.21147620677948,0.579594254493713,0.0481759309768677,0.182362198829651,0.143406748771667,0.211170792579651,70.51,90.5
0.0525254011154175,0.684481501579285,0.81268846988678,0.392471432685852,0.289007306098938,0.535680174827576,0.123176455497742,0.766002774238586,0.246328949928284,0.507542014122009,0.848654627799988,0.58140766620636,0.511425614356995,0.11877453327179,0.476989150047302,0.786985516548157,0.507649540901184,0.542610049247742,0.888169407844543,0.715136170387268,0.71473228931427,0.451015114784241,0.666021227836609,0.290494561195374,0.792071223258972,0.747186541557312,0.988966345787048,0.898955702781677,0.00375926494598389,0.386296629905701,0.630764365196228,0.20958936214447,0.585083842277527,0.786111235618591,0.56079113483429,0.967532992362976,0.289772629737854,0.262891173362732,0.93579089641571,0.886584877967834,0.515763163566589,0.50439989566803,0.24478542804718,0.995227932929993,0.112658619880676,0.174314379692078,0.341036200523376,0.795390009880066,0.698445200920105,0.0737053155899048,0.340680718421936,0.753896355628967,0.457358241081238,0.924941658973694,0.885481953620911,0.337215542793274,0.52393114566803,0.352880120277405,0.561499714851379,0.704459071159363,0.649891257286072,0.299657702445984,0.687566876411438,0.917789816856384,0.669475436210632,0.0643566846847534,0.658668875694275,0.300424218177795,0.510140061378479,0.553184628486633,0.124980568885803,0.232775568962097,0.662095665931702,0.631122231483459,0.574846625328064,0.91124165058136,0.448946595191956,0.223422169685364,0.343659996986389,0.627625346183777,0.836000323295593,0.852113127708435,0.627772927284241,0.381387591362,0.767374157905579,0.844004034996033,0.757044672966003,0.97629725933075,0.719780087471008,0.848082423210144,0.116217017173767,0.301695227622986,0.77007257938385,0.155453324317932,0.883968949317932,0.394901394844055,0.80821168422699,0.597759366035461,0.901708006858826,0.507200598716736,0.815748333930969,0.0365182161331177,0.71147620677948,0.0795942544937134,0.548175930976868,0.682362198829651,0.643406748771667,0.711170792579651,55.78,80.41
0.302525401115417,0.434481501579285,0.56268846988678,0.642471432685852,0.039007306098938,0.285680174827576,0.373176455497742,0.0160027742385864,0.996328949928284,0.757542014122009,0.0986546277999878,0.83140766620636,0.261425614356995,0.36877453327179,0.726989150047302,0.536985516548157,0.757649540901184,0.292610049247742,0.638169407844543,0.465136170387268,0.96473228931427,0.701015114784241,0.916021227836609,0.540494561195374,0.0420712232589722,0.997186541557312,0.738966345787048,0.648955702781677,0.753759264945984,0.136296629905701,0.380764365196228,0.45958936214447,0.335083842277527,0.0361112356185913,0.81079113483429,0.217532992362976,0.039772629737854,0.0128911733627319,0.68579089641571,0.136584877967834,0.765763163566589,0.25439989566803,0.49478542804718,0.745227932929993,0.362658619880676,0.924314379692078,0.591036200523376,0.545390009880066,0.448445200920105,0.823705315589905,0.090680718421936,0.503896355628967,0.707358241081238,0.174941658973694,0.635481953620911,0.587215542793274,0.27393114566803,0.602880120277405,0.811499714851379,0.454459071159363,0.899891257286072,0.549657702445984,0.937566876411438,0.667789816856384,0.419475436210632,0.814356684684753,0.908668875694275,0.0504242181777954,0.760140061378479,0.803184628486633,0.874980568885803,0.482775568962097,0.912095665931702,0.381122231483459,0.824846625328064,0.66124165058136,0.198946595191956,0.973422169685364,0.593659996986389,0.877625346183777,0.0860003232955933,0.102113127708435,0.877772927284241,0.631387591362,0.0173741579055786,0.0940040349960327,0.507044672966003,0.22629725933075,0.469780087471008,0.098082423210144,0.366217017173767,0.551695227622986,0.0200725793838501,0.405453324317932,0.133968949317932,0.644901394844055,0.0582116842269897,0.847759366035461,0.151708006858826,0.757200598716736,0.0657483339309692,0.286518216133118,0.96147620677948,0.829594254493713,0.298175930976868,0.932362198829651,0.393406748771667,0.461170792579651,67.81,89.18
0.802525401115417,0.934481501579285,0.0626884698867798,0.142471432685852,0.539007306098938,0.785680174827576,0.873176455497742,0.516002774238586,0.496328949928284,0.257542014122009,0.598654627799988,0.33140766620636,0.761425614356995,0.86877453327179,0.226989150047302,0.0369855165481567,0.257649540901184,0.792610049247742,0.138169407844543,0.965136170387268,0.46473228931427,0.201015114784241,0.416021227836609,0.0404945611953735,0.542071223258972,0.497186541557312,0.238966345787048,0.148955702781677,0.253759264945984,0.636296629905701,0.880764365196228,0.95958936214447,0.835083842277527,0.536111235618591,0.31079113483429,0.717532992362976,0.539772629737854,0.512891173362732,0.18579089641571,0.636584877967834,0.265763163566589,0.75439989566803,0.99478542804718,0.245227932929993,0.862658619880676,0.424314379692078,0.0910362005233765,0.0453900098800659,0.948445200920105,0.323705315589905,0.590680718421936,0.00389635562896729,0.207358241081238,0.674941658973694,0.135481953620911,0.0872155427932739,0.77393114566803,0.102880120277405,0.311499714851379,0.954459071159363,0.399891257286072,0.0496577024459839,0.437566876411438,0.167789816856384,0.919475436210632,0.314356684684753,0.408668875694275,0.550424218177795,0.260140061378479,0.303184628486633,0.374980568885803,0.982775568962097,0.412095665931702,0.881122231483459,0.324846625328064,0.16124165058136,0.698946595191956,0.473422169685364,0.0936599969863892,0.377625346183777,0.586000323295593,0.602113127708435,0.377772927284241,0.131387591362,0.517374157905579,0.594004034996033,0.00704467296600342,0.72629725933075,0.969780087471008,0.598082423210144,0.866217017173767,0.0516952276229858,0.52007257938385,0.905453324317932,0.633968949317932,0.144901394844055,0.55821168422699,0.347759366035461,0.651708006858826,0.257200598716736,0.565748333930969,0.786518216133118,0.46147620677948,0.329594254493713,0.798175930976868,0.432362198829651,0.893406748771667,0.961170792579651,58.67,83.01
0.427525401115417,0.809481501579285,0.43768846988678,0.267471432685852,0.664007306098938,0.410680174827576,0.248176455497742,0.391002774238586,0.121328949928284,0.382542014122009,0.723654627799988,0.20640766620636,0.636425614356995,0.49377453327179,0.851989150047302,0.911985516548157,0.132649540901184,0.917610049247742,0.513169407844543,0.340136170387268,0.33973228931427,0.826015114784241,0.0410212278366089,0.665494561195374,0.917071223258972,0.372186541557312,0.613966345787048,0.773955702781677,0.128759264945984,0.761296629905701,0.255764365196228,0.33458936214447,0.460083842277527,0.661111235618591,0.18579113483429,0.842532992362976,0.664772629737854,0.137891173362732,0.81079089641571,0.261584877967834,0.140763163566589,0.87939989566803,0.86978542804718,0.120227932929993,0.237658619880676,0.549314379692078,0.966036200523376,0.670390009880066,0.323445200920105,0.448705315589905,0.215680718421936,0.628896355628967,0.0823582410812378,0.299941658973694,0.760481953620911,0.962215542793274,0.14893114566803,0.727880120277405,0.686499714851379,0.579459071159363,0.274891257286072,0.424657702445984,0.562566876411438,0.292789816856384,0.294475436210632,0.689356684684753,0.533668875694275,0.675424218177795,0.885140061378479,0.678184628486633,0.499980568885803,0.857775568962097,0.0370956659317017,0.506122231483459,0.199846625328064,0.53624165058136,0.0739465951919556,0.598422169685364,0.968659996986389,0.752625346183777,0.211000323295593,0.727113127708435,0.752772927284241,0.00638759136199951,0.892374157905579,0.719004034996033,0.632044672966003,0.85129725933075,0.844780087471008,0.473082423210144,0.241217017173767,0.676695227622986,0.64507257938385,0.530453324317932,0.00896894931793213,0.269901394844055,0.68321168422699,0.972759366035461,0.776708006858826,0.632200598716736,0.190748333930969,0.661518216133118,0.83647620677948,0.204594254493713,0.173175930976868,0.557362198829651,0.768406748771667,0.586170792579651,53.06,78
0.927525401115417,0.309481501579285,0.93768846988678,0.767471432685852,0.164007306098938,0.910680174827576,0.748176455497742,0.891002774238586,0.621328949928284,0.882542014122009,0.223654627799988,0.70640766620636,0.136425614356995,0.99377453327179,0.351989150047302,0.411985516548157,0.632649540901184,0.417610049247742,0.0131694078445435,0.840136170387268,0.83973228931427,0.326015114784241,0.541021227836609,0.165494561195374,0.417071223258972,0.872186541557312,0.113966345787048,0.273955702781677,0.628759264945984,0.261296629905701,0.755764365196228,0.83458936214447,0.960083842277527,0.161111235618591,0.68579113483429,0.342532992362976,0.164772629737854,0.637891173362732,0.31079089641571,0.761584877967834,0.640763163566589,0.37939989566803,0.36978542804718,0.620227932929993,0.737658619880676,0.0493143796920776,0.466036200523376,0.170390009880066,0.823445200920105,0.948705315589905,0.715680718421936,0.128896355628967,0.582358241081238,0.799941658973694,0.260481953620911,0.462215542793274,0.64893114566803,0.227880120277405,0.186499714851379,0.0794590711593628,0.774891257286072,0.924657702445984,0.062566876411438,0.792789816856384,0.794475436210632,0.189356684684753,0.0336688756942749,0.175424218177795,0.385140061378479,0.178184628486633,0.999980568885803,0.357775568962097,0.537095665931702,0.00612223148345947,0.699846625328064,0.0362416505813599,0.573946595191956,0.0984221696853638,0.468659996986389,0.252625346183777,0.711000323295593,0.227113127708435,0.252772927284241,0.506387591362,0.392374157905579,0.219004034996033,0.132044672966003,0.35129725933075,0.344780087471008,0.973082423210144,0.741217017173767,0.176695227622986,0.14507257938385,0.0304533243179321,0.508968949317932,0.769901394844055,0.18321168422699,0.472759366035461,0.276708006858826,0.132200598716736,0.690748333930969,0.161518216133118,0.33647620677948,0.704594254493713,0.673175930976868,0.0573621988296509,0.268406748771667,0.0861707925796509,73.55,92.6
0.677525401115417,0.559481501579285,0.68768846988678,0.0174714326858521,0.414007306098938,0.160680174827576,0.998176455497742,0.141002774238586,0.371328949928284,0.632542014122009,0.973654627799988,0.95640766620636,0.886425614356995,0.74377453327179,0.601989150047302,0.161985516548157,0.882649540901184,0.667610049247742,0.263169407844543,0.0901361703872681,0.58973228931427,0.576015114784241,0.791021227836609,0.915494561195374,0.667071223258972,0.622186541557312,0.363966345787048,0.0239557027816772,0.378759264945984,0.0112966299057007,0.00576436519622803,0.58458936214447,0.210083842277527,0.911111235618591,0.93579113483429,0.592532992362976,0.414772629737854,0.887891173362732,0.0607908964157104,0.0115848779678345,0.890763163566589,0.62939989566803,0.11978542804718,0.870227932929993,0.987658619880676,0.799314379692078,0.716036200523376,0.420390009880066,0.073445200920105,0.198705315589905,0.965680718421936,0.378896355628967,0.332358241081238,0.0499416589736938,0.0104819536209106,0.712215542793274,0.39893114566803,0.977880120277405,0.436499714851379,0.829459071159363,0.524891257286072,0.174657702445984,0.312566876411438,0.542789816856384,0.0444754362106323,0.939356684684753,0.283668875694275,0.425424218177795,0.135140061378479,0.428184628486633,0.249980568885803,0.107775568962097,0.787095665931702,0.756122231483459,0.949846625328064,0.28624165058136,0.823946595191956,0.848422169685364,0.718659996986389,0.00262534618377686,0.461000323295593,0.977113127708435,0.00277292728424072,0.256387591362,0.642374157905579,0.969004034996033,0.382044672966003,0.60129725933075,0.594780087471008,0.223082423210144,0.991217017173767,0.926695227622986,0.89507257938385,0.280453324317932,0.258968949317932,0.0199013948440552,0.93321168422699,0.222759366035461,0.526708006858826,0.382200598716736,0.440748333930969,0.411518216133118,0.08647620677948,0.454594254493713,0.423175930976868,0.307362198829651,0.518406748771667,0.836170792579651,65.08,87.51
0.177525401115417,0.0594815015792847,0.18768846988678,0.517471432685852,0.914007306098938,0.660680174827576,0.498176455497742,0.641002774238586,0.871328949928284,0.132542014122009,0.473654627799988,0.45640766620636,0.386425614356995,0.24377453327179,0.101989150047302,0.661985516548157,0.382649540901184,0.167610049247742,0.763169407844543,0.590136170387268,0.08973228931427,0.0760151147842407,0.291021227836609,0.415494561195374,0.167071223258972,0.122186541557312,0.863966345787048,0.523955702781677,0.878759264945984,0.511296629905701,0.505764365196228,0.0845893621444702,0.710083842277527,0.411111235618591,0.43579113483429,0.0925329923629761,0.914772629737854,0.387891173362732,0.56079089641571,0.511584877967834,0.390763163566589,0.12939989566803,0.61978542804718,0.370227932929993,0.487658619880676,0.299314379692078,0.216036200523376,0.920390009880066,0.573445200920105,0.698705315589905,0.465680718421936,0.878896355628967,0.832358241081238,0.549941658973694,0.510481953620911,0.212215542793274,0.89893114566803,0.477880120277405,0.936499714851379,0.329459071159363,0.0248912572860718,0.674657702445984,0.812566876411438,0.0427898168563843,0.544475436210632,0.439356684684753,0.783668875694275,0.925424218177795,0.635140061378479,0.928184628486633,0.749980568885803,0.607775568962097,0.287095665931702,0.256122231483459,0.449846625328064,0.78624165058136,0.323946595191956,0.348422169685364,0.218659996986389,0.502625346183777,0.961000323295593,0.477113127708435,0.502772927284241,0.756387591362,0.142374157905579,0.469004034996033,0.882044672966003,0.10129725933075,0.0947800874710083,0.723082423210144,0.491217017173767,0.426695227622986,0.39507257938385,0.780453324317932,0.758968949317932,0.519901394844055,0.43321168422699,0.722759366035461,0.0267080068588257,0.882200598716736,0.940748333930969,0.911518216133118,0.58647620677948,0.954594254493713,0.923175930976868,0.807362198829651,0.0184067487716675,0.336170792579651,53.72,78.91
0.997837901115417,0.0829190015792847,0.77362596988678,0.962783932685852,0.890569806098938,0.793492674827576,0.0841139554977417,0.133190274238586,0.988516449928284,0.859104514122009,0.793967127799988,0.85484516620636,0.237988114356995,0.67346203327179,0.0473016500473022,0.951048016548157,0.843587040901184,0.0816725492477417,0.0209819078445435,0.238573670387268,0.76941978931427,0.521327614784241,0.158208727836609,0.767057061195374,0.846758723258972,0.208124041557312,0.387403845787048,0.750518202781677,0.511571764945984,0.878484129905701,0.622951865196228,0.32677686214447,0.405396342277527,0.950173735618591,0.0998536348342896,0.897220492362976,0.875710129737854,0.00507867336273193,0.39672839641571,0.519397377967834,0.992325663566589,0.62158739566803,0.81509792804718,0.284290432929993,0.761096119880676,0.525876879692078,0.958223700523376,0.412577509880066,0.065632700920105,0.675267815589905,0.035993218421936,0.871083855628967,0.308920741081238,0.932754158973694,0.612044453620911,0.0637780427932739,0.84424364566803,0.938817620277405,0.663062214851379,0.259146571159363,0.0795787572860718,0.666845202445984,0.586004376411438,0.347477316856384,0.817912936210632,0.603419184684753,0.213356375694275,0.823861718177795,0.814827561378479,0.154747128486633,0.554668068885803,0.974963068962097,0.201158165931702,0.310809731483459,0.817034125328064,0.59092915058136,0.0348840951919556,0.278109669685364,0.210847496986389,0.0104378461837769,6.28232955932617e-05,0.219300627708435,0.510585427284241,0.123575091362,0.993936657905579,0.508066534996033,0.577357172966003,0.71848475933075,0.946342587471008,0.418394923210144,0.920904517173767,0.840757727622986,0.0747600793838501,0.788265824317932,0.0480314493179321,0.402713894844055,0.59727418422699,0.558696866035461,0.862645506858826,0.265013098716736,0.917310833930969,0.106830716133118,0.06303870677948,0.806156754493713,0.352863430976868,0.00267469882965088,0.573094248771667,0.875233292579651,66.13,87.61
0.497837901115417,0.582919001579285,0.27362596988678,0.462783932685852,0.390569806098938,0.293492674827576,0.584113955497742,0.633190274238586,0.488516449928284,0.359104514122009,0.293967127799988,0.35484516620636,0.737988114356995,0.17346203327179,0.547301650047302,0.451048016548157,0.343587040901184,0.581672549247742,0.520981907844543,0.738573670387268,0.26941978931427,0.0213276147842407,0.658208727836609,0.267057061195374,0.346758723258972,0.708124041557312,0.887403845787048,0.250518202781677,0.0115717649459839,0.378484129905701,0.122951865196228,0.82677686214447,0.905396342277527,0.450173735618591,0.59985363483429,0.397220492362976,0.375710129737854,0.505078673362732,0.89672839641571,0.0193973779678345,0.492325663566589,0.12158739566803,0.31509792804718,0.784290432929993,0.261096119880676,0.0258768796920776,0.458223700523376,0.912577509880066,0.565632700920105,0.175267815589905,0.535993218421936,0.371083855628967,0.808920741081238,0.432754158973694,0.112044453620911,0.563778042793274,0.34424364566803,0.438817620277405,0.163062214851379,0.759146571159363,0.579578757286072,0.166845202445984,0.086004376411438,0.847477316856384,0.317912936210632,0.103419184684753,0.713356375694275,0.323861718177795,0.314827561378479,0.654747128486633,0.0546680688858032,0.474963068962097,0.701158165931702,0.810809731483459,0.317034125328064,0.0909291505813599,0.534884095191956,0.778109669685364,0.710847496986389,0.510437846183777,0.500062823295593,0.719300627708435,0.0105854272842407,0.623575091362,0.493936657905579,0.00806653499603271,0.0773571729660034,0.21848475933075,0.446342587471008,0.918394923210144,0.420904517173767,0.340757727622986,0.57476007938385,0.288265824317932,0.548031449317932,0.902713894844055,0.0972741842269897,0.0586968660354614,0.362645506858826,0.765013098716736,0.417310833930969,0.606830716133118,0.56303870677948,0.306156754493713,0.852863430976868,0.502674698829651,0.0730942487716675,0.375233292579651,63.86,86.95
0.247837901115417,0.332919001579285,0.0236259698867798,0.712783932685852,0.140569806098938,0.543492674827576,0.834113955497742,0.383190274238586,0.738516449928284,0.109104514122009,0.543967127799988,0.10484516620636,0.487988114356995,0.42346203327179,0.297301650047302,0.201048016548157,0.0935870409011841,0.331672549247742,0.770981907844543,0.488573670387268,0.01941978931427,0.771327614784241,0.908208727836609,0.517057061195374,0.596758723258972,0.958124041557312,0.637403845787048,0.000518202781677246,0.761571764945984,0.128484129905701,0.872951865196228,0.57677686214447,0.155396342277527,0.700173735618591,0.84985363483429,0.647220492362976,0.125710129737854,0.755078673362732,0.64672839641571,0.769397377967834,0.242325663566589,0.87158739566803,0.0650979280471802,0.534290432929993,0.0110961198806763,0.775876879692078,0.708223700523376,0.662577509880066,0.315632700920105,0.925267815589905,0.785993218421936,0.121083855628967,0.0589207410812378,0.682754158973694,0.362044453620911,0.313778042793274,0.59424364566803,0.688817620277405,0.413062214851379,0.00914657115936279,0.829578757286072,0.916845202445984,0.336004376411438,0.597477316856384,0.567912936210632,0.853419184684753,0.963356375694275,0.0738617181777954,0.064827561378479,0.904747128486633,0.804668068885803,0.224963068962097,0.951158165931702,0.0608097314834595,0.067034125328064,0.34092915058136,0.784884095191956,0.0281096696853638,0.460847496986389,0.760437846183777,0.250062823295593,0.469300627708435,0.260585427284241,0.373575091362,0.743936657905579,0.758066534996033,0.327357172966003,0.96848475933075,0.696342587471008,0.168394923210144,0.170904517173767,0.590757727622986,0.32476007938385,0.0382658243179321,0.298031449317932,0.152713894844055,0.84727418422699,0.308696866035461,0.612645506858826,0.515013098716736,0.667310833930969,0.856830716133118,0.81303870677948,0.556156754493713,0.102863430976868,0.752674698829651,0.823094248771667,0.625233292579651,43.91,70.31
0.747837901115417,0.832919001579285,0.52362596988678,0.212783932685852,0.640569806098938,0.0434926748275757,0.334113955497742,0.883190274238586,0.238516449928284,0.609104514122009,0.0439671277999878,0.60484516620636,0.987988114356995,0.92346203327179,0.797301650047302,0.701048016548157,0.593587040901184,0.831672549247742,0.270981907844543,0.988573670387268,0.51941978931427,0.271327614784241,0.408208727836609,0.0170570611953735,0.0967587232589722,0.458124041557312,0.137403845787048,0.500518202781677,0.261571764945984,0.628484129905701,0.372951865196228,0.0767768621444702,0.655396342277527,0.200173735618591,0.34985363483429,0.147220492362976,0.625710129737854,0.255078673362732,0.14672839641571,0.269397377967834,0.742325663566589,0.37158739566803,0.56509792804718,0.0342904329299927,0.511096119880676,0.275876879692078,0.208223700523376,0.162577509880066,0.815632700920105,0.425267815589905,0.285993218421936,0.621083855628967,0.558920741081238,0.182754158973694,0.862044453620911,0.813778042793274,0.0942436456680298,0.188817620277405,0.913062214851379,0.509146571159363,0.329578757286072,0.416845202445984,0.836004376411438,0.0974773168563843,0.0679129362106323,0.353419184684753,0.463356375694275,0.573861718177795,0.564827561378479,0.404747128486633,0.304668068885803,0.724963068962097,0.451158165931702,0.560809731483459,0.567034125328064,0.84092915058136,0.284884095191956,0.528109669685364,0.960847496986389,0.260437846183777,0.750062823295593,0.969300627708435,0.760585427284241,0.873575091362,0.243936657905579,0.258066534996033,0.827357172966003,0.46848475933075,0.196342587471008,0.668394923210144,0.670904517173767,0.0907577276229858,0.82476007938385,0.538265824317932,0.798031449317932,0.652713894844055,0.34727418422699,0.808696866035461,0.112645506858826,0.0150130987167358,0.167310833930969,0.356830716133118,0.31303870677948,0.0561567544937134,0.602863430976868,0.252674698829651,0.323094248771667,0.125233292579651,68.54,89.45
0.122837901115417,0.957919001579285,0.89862596988678,0.337783932685852,0.515569806098938,0.668492674827576,0.709113955497742,0.00819027423858643,0.363516449928284,0.734104514122009,0.168967127799988,0.97984516620636,0.612988114356995,0.29846203327179,0.172301650047302,0.326048016548157,0.968587040901184,0.956672549247742,0.895981907844543,0.363573670387268,0.64441978931427,0.646327614784241,0.0332087278366089,0.642057061195374,0.471758723258972,0.333124041557312,0.512403845787048,0.375518202781677,0.136571764945984,0.753484129905701,0.997951865196228,0.70177686214447,0.0303963422775269,0.0751737356185913,0.22485363483429,0.272220492362976,0.500710129737854,0.880078673362732,0.77172839641571,0.644397377967834,0.867325663566589,0.49658739566803,0.69009792804718,0.159290432929993,0.386096119880676,0.650876879692078,0.833223700523376,0.537577509880066,0.440632700920105,0.300267815589905,0.910993218421936,0.246083855628967,0.683920741081238,0.807754158973694,0.237044453620911,0.188778042793274,0.96924364566803,0.563817620277405,0.0380622148513794,0.884146571159363,0.454578757286072,0.0418452024459839,0.211004376411438,0.472477316856384,0.692912936210632,0.728419184684753,0.588356375694275,0.698861718177795,0.189827561378479,0.529747128486633,0.429668068885803,0.599963068962097,0.0761581659317017,0.935809731483459,0.942034125328064,0.46592915058136,0.909884095191956,0.403109669685364,0.0858474969863892,0.885437846183777,0.375062823295593,0.844300627708435,0.385585427284241,0.998575091362,0.368936657905579,0.383066534996033,0.452357172966003,0.0934847593307495,0.0713425874710083,0.293394923210144,0.295904517173767,0.715757727622986,0.94976007938385,0.913265824317932,0.423031449317932,0.777713894844055,0.47227418422699,0.433696866035461,0.487645506858826,0.890013098716736,0.542310833930969,0.231830716133118,0.93803870677948,0.431156754493713,0.477863430976868,0.627674698829651,0.448094248771667,0.250233292579651,56.45,81.22
0.622837901115417,0.457919001579285,0.39862596988678,0.837783932685852,0.015569806098938,0.168492674827576,0.209113955497742,0.508190274238586,0.863516449928284,0.234104514122009,0.668967127799988,0.47984516620636,0.112988114356995,0.79846203327179,0.672301650047302,0.826048016548157,0.468587040901184,0.456672549247742,0.395981907844543,0.863573670387268,0.14441978931427,0.146327614784241,0.533208727836609,0.142057061195374,0.971758723258972,0.833124041557312,0.0124038457870483,0.875518202781677,0.636571764945984,0.253484129905701,0.497951865196228,0.20177686214447,0.530396342277527,0.575173735618591,0.72485363483429,0.772220492362976,0.000710129737854004,0.380078673362732,0.27172839641571,0.144397377967834,0.367325663566589,0.99658739566803,0.19009792804718,0.659290432929993,0.886096119880676,0.150876879692078,0.333223700523376,0.0375775098800659,0.940632700920105,0.800267815589905,0.410993218421936,0.746083855628967,0.183920741081238,0.307754158973694,0.737044453620911,0.688778042793274,0.46924364566803,0.0638176202774048,0.538062214851379,0.384146571159363,0.954578757286072,0.541845202445984,0.711004376411438,0.972477316856384,0.192912936210632,0.228419184684753,0.0883563756942749,0.198861718177795,0.689827561378479,0.0297471284866333,0.929668068885803,0.0999630689620972,0.576158165931702,0.435809731483459,0.442034125328064,0.96592915058136,0.409884095191956,0.903109669685364,0.585847496986389,0.385437846183777,0.875062823295593,0.344300627708435,0.885585427284241,0.498575091362,0.868936657905579,0.883066534996033,0.952357172966003,0.59348475933075,0.571342587471008,0.793394923210144,0.795904517173767,0.215757727622986,0.44976007938385,0.413265824317932,0.923031449317932,0.277713894844055,0.97227418422699,0.933696866035461,0.987645506858826,0.390013098716736,0.0423108339309692,0.731830716133118,0.43803870677948,0.931156754493713,0.977863430976868,0.127674698829651,0.948094248771667,0.750233292579651,63.9,86.04
0.872837901115417,0.707919001579285,0.14862596988678,0.0877839326858521,0.265569806098938,0.918492674827576,0.459113955497742,0.258190274238586,0.113516449928284,0.484104514122009,0.418967127799988,0.22984516620636,0.862988114356995,0.54846203327179,0.422301650047302,0.576048016548157,0.218587040901184,0.706672549247742,0.145981907844543,0.113573670387268,0.39441978931427,0.896327614784241,0.783208727836609,0.892057061195374,0.221758723258972,0.583124041557312,0.262403845787048,0.625518202781677,0.386571764945984,0.00348412990570068,0.747951865196228,0.45177686214447,0.280396342277527,0.325173735618591,0.97485363483429,0.0222204923629761,0.250710129737854,0.130078673362732,0.0217283964157104,0.894397377967834,0.117325663566589,0.24658739566803,0.44009792804718,0.909290432929993,0.636096119880676,0.900876879692078,0.583223700523376,0.287577509880066,0.190632700920105,0.0502678155899048,0.160993218421936,0.996083855628967,0.933920741081238,0.557754158973694,0.987044453620911,0.438778042793274,0.71924364566803,0.813817620277405,0.788062214851379,0.634146571159363,0.704578757286072,0.291845202445984,0.961004376411438,0.722477316856384,0.942912936210632,0.978419184684753,0.338356375694275,0.448861718177795,0.939827561378479,0.279747128486633,0.179668068885803,0.349963068962097,0.826158165931702,0.685809731483459,0.192034125328064,0.71592915058136,0.159884095191956,0.153109669685364,0.335847496986389,0.135437846183777,0.125062823295593,0.594300627708435,0.635585427284241,0.748575091362,0.118936657905579,0.133066534996033,0.702357172966003,0.34348475933075,0.321342587471008,0.043394923210144,0.545904517173767,0.965757727622986,0.69976007938385,0.163265824317932,0.173031449317932,0.527713894844055,0.22227418422699,0.683696866035461,0.237645506858826,0.140013098716736,0.792310833930969,0.981830716133118,0.18803870677948,0.181156754493713,0.227863430976868,0.377674698829651,0.198094248771667,0.000233292579650879,51.82,78.15
0.372837901115417,0.207919001579285,0.64862596988678,0.587783932685852,0.765569806098938,0.418492674827576,0.959113955497742,0.758190274238586,0.613516449928284,0.984104514122009,0.918967127799988,0.72984516620636,0.362988114356995,0.0484620332717896,0.922301650047302,0.0760480165481567,0.718587040901184,0.206672549247742,0.645981907844543,0.613573670387268,0.89441978931427,0.396327614784241,0.283208727836609,0.392057061195374,0.721758723258972,0.083124041557312,0.762403845787048,0.125518202781677,0.886571764945984,0.503484129905701,0.247951865196228,0.95177686214447,0.780396342277527,0.825173735618591,0.47485363483429,0.522220492362976,0.750710129737854,0.630078673362732,0.52172839641571,0.394397377967834,0.617325663566589,0.74658739566803,0.94009792804718,0.409290432929993,0.136096119880676,0.400876879692078,0.0832237005233765,0.787577509880066,0.690632700920105,0.550267815589905,0.660993218421936,0.496083855628967,0.433920741081238,0.0577541589736938,0.487044453620911,0.938778042793274,0.21924364566803,0.313817620277405,0.288062214851379,0.134146571159363,0.204578757286072,0.791845202445984,0.461004376411438,0.222477316856384,0.442912936210632,0.478419184684753,0.838356375694275,0.948861718177795,0.439827561378479,0.779747128486633,0.679668068885803,0.849963068962097,0.326158165931702,0.185809731483459,0.692034125328064,0.21592915058136,0.659884095191956,0.653109669685364,0.835847496986389,0.635437846183777,0.625062823295593,0.0943006277084351,0.135585427284241,0.248575091362,0.618936657905579,0.633066534996033,0.202357172966003,0.84348475933075,0.821342587471008,0.543394923210144,0.0459045171737671,0.465757727622986,0.19976007938385,0.663265824317932,0.673031449317932,0.0277138948440552,0.72227418422699,0.183696866035461,0.737645506858826,0.640013098716736,0.292310833930969,0.481830716133118,0.68803870677948,0.681156754493713,0.727863430976868,0.877674698829651,0.698094248771667,0.500233292579651,67.53,89.35
0.185337901115417,0.645419001579285,0.71112596988678,0.900283932685852,0.078069806098938,0.605992674827576,0.646613955497742,0.945690274238586,0.426016449928284,0.671604514122009,0.606467127799988,0.16734516620636,0.0504881143569946,0.98596203327179,0.109801650047302,0.888548016548157,0.781087040901184,0.894172549247742,0.958481907844543,0.551073670387268,0.33191978931427,0.958827614784241,0.0957087278366089,0.954557061195374,0.0342587232589722,0.145624041557312,0.199903845787048,0.0630182027816772,0.449071764945984,0.315984129905701,0.560451865196228,0.38927686214447,0.217896342277527,0.262673735618591,0.41235363483429,0.959720492362976,0.563210129737854,0.817578673362732,0.83422839641571,0.331897377967834,0.304825663566589,0.68408739566803,0.00259792804718018,0.471790432929993,0.948596119880676,0.213376879692078,0.395723700523376,0.600077509880066,0.378132700920105,0.112767815589905,0.598493218421936,0.558583855628967,0.496420741081238,0.495254158973694,0.424544453620911,0.126278042793274,0.78174364566803,0.00131762027740479,0.975562214851379,0.0716465711593628,0.267078757286072,0.979345202445984,0.023504376411438,0.909977316856384,0.255412936210632,0.290919184684753,0.400856375694275,0.0113617181777954,0.377327561378479,0.842247128486633,0.617168068885803,0.162463068962097,0.263658165931702,0.748309731483459,0.754534125328064,0.15342915058136,0.722384095191956,0.590609669685364,0.898347496986389,0.822937846183777,0.312562823295593,0.281800627708435,0.823085427284241,0.686075091362,0.681436657905579,0.570566534996033,0.514857172966003,0.90598475933075,0.133842587471008,0.730894923210144,0.733404517173767,0.0282577276229858,0.76226007938385,0.850765824317932,0.985531449317932,0.0902138948440552,0.53477418422699,0.996196866035461,0.175145506858826,0.327513098716736,0.979810833930969,0.919330716133118,0.12553870677948,0.618656754493713,0.665363430976868,0.440174698829651,0.635594248771667,0.437733292579651,54.07,79.14
0.685337901115417,0.145419001579285,0.21112596988678,0.400283932685852,0.578069806098938,0.105992674827576,0.146613955497742,0.445690274238586,0.926016449928284,0.171604514122009,0.106467127799988,0.66734516620636,0.550488114356995,0.48596203327179,0.609801650047302,0.388548016548157,0.281087040901184,0.394172549247742,0.458481907844543,0.0510736703872681,0.83191978931427,0.458827614784241,0.595708727836609,0.454557061195374,0.534258723258972,0.645624041557312,0.699903845787048,0.563018202781677,0.949071764945984,0.815984129905701,0.060451865196228,0.88927686214447,0.717896342277527,0.762673735618591,0.91235363483429,0.459720492362976,0.063210129737854,0.317578673362732,0.33422839641571,0.831897377967834,0.804825663566589,0.18408739566803,0.50259792804718,0.971790432929993,0.448596119880676,0.713376879692078,0.895723700523376,0.100077509880066,0.878132700920105,0.612767815589905,0.098493218421936,0.0585838556289673,0.996420741081238,0.995254158973694,0.924544453620911,0.626278042793274,0.28174364566803,0.501317620277405,0.475562214851379,0.571646571159363,0.767078757286072,0.479345202445984,0.523504376411438,0.409977316856384,0.755412936210632,0.790919184684753,0.900856375694275,0.511361718177795,0.877327561378479,0.342247128486633,0.117168068885803,0.662463068962097,0.763658165931702,0.248309731483459,0.254534125328064,0.65342915058136,0.222384095191956,0.0906096696853638,0.398347496986389,0.322937846183777,0.812562823295593,0.781800627708435,0.323085427284241,0.186075091362,0.181436657905579,0.0705665349960327,0.0148571729660034,0.40598475933075,0.633842587471008,0.230894923210144,0.233404517173767,0.528257727622986,0.26226007938385,0.350765824317932,0.485531449317932,0.590213894844055,0.0347741842269897,0.496196866035461,0.675145506858826,0.827513098716736,0.479810833930969,0.419330716133118,0.62553870677948,0.118656754493713,0.165363430976868,0.940174698829651,0.135594248771667,0.937733292579651,53.13,79.85
0.935337901115417,0.895419001579285,0.46112596988678,0.650283932685852,0.828069806098938,0.855992674827576,0.396613955497742,0.695690274238586,0.176016449928284,0.421604514122009,0.856467127799988,0.91734516620636,0.300488114356995,0.23596203327179,0.359801650047302,0.138548016548157,0.0310870409011841,0.644172549247742,0.208481907844543,0.801073670387268,0.58191978931427,0.708827614784241,0.845708727836609,0.704557061195374,0.284258723258972,0.895624041557312,0.949903845787048,0.813018202781677,0.199071764945984,0.565984129905701,0.810451865196228,0.63927686214447,0.467896342277527,0.0126737356185913,0.66235363483429,0.709720492362976,0.313210129737854,0.0675786733627319,0.0842283964157104,0.0818973779678345,0.554825663566589,0.93408739566803,0.75259792804718,0.721790432929993,0.198596119880676,0.463376879692078,0.145723700523376,0.350077509880066,0.128132700920105,0.362767815589905,0.348493218421936,0.308583855628967,0.246420741081238,0.245254158973694,0.674544453620911,0.376278042793274,0.53174364566803,0.251317620277405,0.225562214851379,0.321646571159363,0.517078757286072,0.729345202445984,0.773504376411438,0.159977316856384,0.00541293621063232,0.0409191846847534,0.650856375694275,0.761361718177795,0.627327561378479,0.0922471284866333,0.867168068885803,0.912463068962097,0.513658165931702,0.998309731483459,0.00453412532806396,0.90342915058136,0.472384095191956,0.840609669685364,0.648347496986389,0.0729378461837769,0.0625628232955933,0.0318006277084351,0.0730854272842407,0.936075091362,0.931436657905579,0.820566534996033,0.264857172966003,0.65598475933075,0.383842587471008,0.980894923210144,0.483404517173767,0.278257727622986,0.51226007938385,0.100765824317932,0.735531449317932,0.340213894844055,0.78477418422699,0.246196866035461,0.425145506858826,0.577513098716736,0.729810833930969,0.169330716133118,0.87553870677948,0.868656754493713,0.915363430976868,0.690174698829651,0.885594248771667,0.187733292579651,54.69,79.83
0.435337901115417,0.395419001579285,0.96112596988678,0.150283932685852,0.328069806098938,0.355992674827576,0.896613955497742,0.195690274238586,0.676016449928284,0.921604514122009,0.356467127799988,0.41734516620636,0.800488114356995,0.73596203327179,0.859801650047302,0.638548016548157,0.531087040901184,0.144172549247742,0.708481907844543,0.301073670387268,0.08191978931427,0.208827614784241,0.345708727836609,0.204557061195374,0.784258723258972,0.395624041557312,0.449903845787048,0.313018202781677,0.699071764945984,0.0659841299057007,0.310451865196228,0.13927686214447,0.967896342277527,0.512673735618591,0.16235363483429,0.209720492362976,0.813210129737854,0.567578673362732,0.58422839641571,0.581897377967834,0.0548256635665894,0.43408739566803,0.25259792804718,0.221790432929993,0.698596119880676,0.963376879692078,0.645723700523376,0.850077509880066,0.628132700920105,0.862767815589905,0.848493218421936,0.808583855628967,0.746420741081238,0.745254158973694,0.174544453620911,0.876278042793274,0.0317436456680298,0.751317620277405,0.725562214851379,0.821646571159363,0.0170787572860718,0.229345202445984,0.273504376411438,0.659977316856384,0.505412936210632,0.540919184684753,0.150856375694275,0.261361718177795,0.127327561378479,0.592247128486633,0.367168068885803,0.412463068962097,0.0136581659317017,0.498309731483459,0.504534125328064,0.40342915058136,0.972384095191956,0.340609669685364,0.148347496986389,0.572937846183777,0.562562823295593,0.531800627708435,0.573085427284241,0.436075091362,0.431436657905579,0.320566534996033,0.764857172966003,0.15598475933075,0.883842587471008,0.480894923210144,0.983404517173767,0.778257727622986,0.0122600793838501,0.600765824317932,0.235531449317932,0.840213894844055,0.28477418422699,0.746196866035461,0.925145506858826,0.0775130987167358,0.229810833930969,0.669330716133118,0.37553870677948,0.368656754493713,0.415363430976868,0.190174698829651,0.385594248771667,0.687733292579651,65.43,87.48
0.810337901115417,0.270419001579285,0.58612596988678,0.275283932685852,0.453069806098938,0.980992674827576,0.0216139554977417,0.820690274238586,0.801016449928284,0.796604514122009,0.481467127799988,0.0423451662063599,0.675488114356995,0.11096203327179,0.234801650047302,0.263548016548157,0.906087040901184,0.0191725492477417,0.0834819078445435,0.926073670387268,0.20691978931427,0.833827614784241,0.220708727836609,0.579557061195374,0.659258723258972,0.270624041557312,0.824903845787048,0.688018202781677,0.824071764945984,0.440984129905701,0.935451865196228,0.51427686214447,0.342896342277527,0.637673735618591,0.28735363483429,0.334720492362976,0.938210129737854,0.192578673362732,0.45922839641571,0.456897377967834,0.429825663566589,0.30908739566803,0.37759792804718,0.0967904329299927,0.323596119880676,0.0883768796920776,0.270723700523376,0.475077509880066,0.00313270092010498,0.987767815589905,0.473493218421936,0.433583855628967,0.621420741081238,0.370254158973694,0.799544453620911,0.00127804279327393,0.90674364566803,0.376317620277405,0.350562214851379,0.696646571159363,0.142078757286072,0.354345202445984,0.648504376411438,0.784977316856384,0.130412936210632,0.415919184684753,0.775856375694275,0.386361718177795,0.502327561378479,0.467247128486633,0.492168068885803,0.287463068962097,0.388658165931702,0.123309731483459,0.879534125328064,0.77842915058136,0.347384095191956,0.715609669685364,0.773347496986389,0.197937846183777,0.187562823295593,0.656800627708435,0.198085427284241,0.311075091362,0.0564366579055786,0.445566534996033,0.389857172966003,0.28098475933075,0.758842587471008,0.605894923210144,0.108404517173767,0.403257727622986,0.13726007938385,0.975765824317932,0.610531449317932,0.715213894844055,0.40977418422699,0.121196866035461,0.550145506858826,0.952513098716736,0.604810833930969,0.794330716133118,0.75053870677948,0.243656754493713,0.540363430976868,0.815174698829651,0.260594248771667,0.812733292579651,61.25,84.52
0.310337901115417,0.770419001579285,0.0861259698867798,0.775283932685852,0.953069806098938,0.480992674827576,0.521613955497742,0.320690274238586,0.301016449928284,0.296604514122009,0.981467127799988,0.54234516620636,0.175488114356995,0.61096203327179,0.734801650047302,0.763548016548157,0.406087040901184,0.519172549247742,0.583481907844543,0.426073670387268,0.70691978931427,0.333827614784241,0.720708727836609,0.0795570611953735,0.159258723258972,0.770624041557312,0.324903845787048,0.188018202781677,0.324071764945984,0.940984129905701,0.435451865196228,0.0142768621444702,0.842896342277527,0.137673735618591,0.78735363483429,0.834720492362976,0.438210129737854,0.692578673362732,0.95922839641571,0.956897377967834,0.929825663566589,0.80908739566803,0.87759792804718,0.596790432929993,0.823596119880676,0.588376879692078,0.770723700523376,0.975077509880066,0.503132700920105,0.487767815589905,0.973493218421936,0.933583855628967,0.121420741081238,0.870254158973694,0.299544453620911,0.501278042793274,0.40674364566803,0.876317620277405,0.850562214851379,0.196646571159363,0.642078757286072,0.854345202445984,0.148504376411438,0.284977316856384,0.630412936210632,0.915919184684753,0.275856375694275,0.886361718177795,0.002327561378479,0.967247128486633,0.992168068885803,0.787463068962097,0.888658165931702,0.623309731483459,0.379534125328064,0.27842915058136,0.847384095191956,0.215609669685364,0.273347496986389,0.697937846183777,0.687562823295593,0.156800627708435,0.698085427284241,0.811075091362,0.556436657905579,0.945566534996033,0.889857172966003,0.78098475933075,0.258842587471008,0.105894923210144,0.608404517173767,0.903257727622986,0.63726007938385,0.475765824317932,0.110531449317932,0.215213894844055,0.90977418422699,0.621196866035461,0.0501455068588257,0.452513098716736,0.104810833930969,0.294330716133118,0.25053870677948,0.743656754493713,0.0403634309768677,0.315174698829651,0.760594248771667,0.312733292579651,64,86.21
0.0603379011154175,0.0204190015792847,0.33612596988678,0.0252839326858521,0.703069806098938,0.730992674827576,0.771613955497742,0.570690274238586,0.551016449928284,0.0466045141220093,0.231467127799988,0.79234516620636,0.925488114356995,0.86096203327179,0.484801650047302,0.513548016548157,0.156087040901184,0.269172549247742,0.833481907844543,0.676073670387268,0.95691978931427,0.583827614784241,0.970708727836609,0.829557061195374,0.909258723258972,0.520624041557312,0.0749038457870483,0.438018202781677,0.574071764945984,0.690984129905701,0.685451865196228,0.26427686214447,0.0928963422775269,0.887673735618591,0.53735363483429,0.0847204923629761,0.188210129737854,0.942578673362732,0.70922839641571,0.206897377967834,0.679825663566589,0.0590873956680298,0.62759792804718,0.846790432929993,0.573596119880676,0.338376879692078,0.0207237005233765,0.725077509880066,0.253132700920105,0.737767815589905,0.723493218421936,0.683583855628967,0.871420741081238,0.120254158973694,0.0495444536209106,0.251278042793274,0.65674364566803,0.126317620277405,0.600562214851379,0.946646571159363,0.892078757286072,0.104345202445984,0.398504376411438,0.0349773168563843,0.380412936210632,0.165919184684753,0.0258563756942749,0.636361718177795,0.252327561378479,0.717247128486633,0.242168068885803,0.537463068962097,0.638658165931702,0.373309731483459,0.129534125328064,0.0284291505813599,0.597384095191956,0.965609669685364,0.523347496986389,0.947937846183777,0.437562823295593,0.906800627708435,0.948085427284241,0.0610750913619995,0.306436657905579,0.195566534996033,0.639857172966003,0.0309847593307495,0.508842587471008,0.855894923210144,0.858404517173767,0.153257727622986,0.38726007938385,0.225765824317932,0.860531449317932,0.965213894844055,0.15977418422699,0.871196866035461,0.800145506858826,0.202513098716736,0.854810833930969,0.0443307161331177,0.00053870677947998,0.493656754493713,0.790363430976868,0.0651746988296509,0.0105942487716675,0.562733292579651,49.58,76.05
0.560337901115417,0.520419001579285,0.83612596988678,0.525283932685852,0.203069806098938,0.230992674827576,0.271613955497742,0.0706902742385864,0.0510164499282837,0.546604514122009,0.731467127799988,0.29234516620636,0.425488114356995,0.36096203327179,0.984801650047302,0.0135480165481567,0.656087040901184,0.769172549247742,0.333481907844543,0.176073670387268,0.45691978931427,0.0838276147842407,0.470708727836609,0.329557061195374,0.409258723258972,0.020624041557312,0.574903845787048,0.938018202781677,0.0740717649459839,0.190984129905701,0.185451865196228,0.76427686214447,0.592896342277527,0.387673735618591,0.0373536348342896,0.584720492362976,0.688210129737854,0.442578673362732,0.20922839641571,0.706897377967834,0.179825663566589,0.55908739566803,0.12759792804718,0.346790432929993,0.0735961198806763,0.838376879692078,0.520723700523376,0.225077509880066,0.753132700920105,0.237767815589905,0.223493218421936,0.183583855628967,0.371420741081238,0.620254158973694,0.549544453620911,0.751278042793274,0.15674364566803,0.626317620277405,0.100562214851379,0.446646571159363,0.392078757286072,0.604345202445984,0.898504376411438,0.534977316856384,0.880412936210632,0.665919184684753,0.525856375694275,0.136361718177795,0.752327561378479,0.217247128486633,0.742168068885803,0.0374630689620972,0.138658165931702,0.873309731483459,0.629534125328064,0.52842915058136,0.0973840951919556,0.465609669685364,0.0233474969863892,0.447937846183777,0.937562823295593,0.406800627708435,0.448085427284241,0.561075091362,0.806436657905579,0.695566534996033,0.139857172966003,0.53098475933075,0.0088425874710083,0.355894923210144,0.358404517173767,0.653257727622986,0.88726007938385,0.725765824317932,0.360531449317932,0.465213894844055,0.65977418422699,0.371196866035461,0.300145506858826,0.702513098716736,0.354810833930969,0.544330716133118,0.50053870677948,0.993656754493713,0.290363430976868,0.565174698829651,0.510594248771667,0.0627332925796509,61.91,85.44
0.404087901115417,0.926669001579285,0.61737596988678,0.119033932685852,0.171819806098938,0.0747426748275757,0.115363955497742,0.476940274238586,0.707266449928284,0.202854514122009,0.137717127799988,0.51109516620636,0.394238114356995,0.0172120332717896,0.266051650047302,0.982298016548157,0.312337040901184,0.112922549247742,0.864731907844543,0.769823670387268,0.11316978931427,0.990077614784241,0.689458727836609,0.173307061195374,0.190508723258972,0.239374041557312,0.356153845787048,0.906768202781677,0.417821764945984,0.534734129905701,0.904201865196228,0.0455268621444702,0.999146342277527,0.0439237356185913,0.25610363483429,0.0534704923629761,0.656960129737854,0.848828673362732,0.42797839641571,0.363147377967834,0.0860756635665894,0.27783739566803,0.97134792804718,0.00304043292999268,0.667346119880676,0.494626879692078,0.114473700523376,0.756327509880066,0.721882700920105,0.456517815589905,0.067243218421936,0.0273338556289673,0.0276707410812378,0.901504158973694,0.705794453620911,0.970028042793274,0.31299364566803,0.220067620277405,0.506812214851379,0.602896571159363,0.173328757286072,0.698095202445984,0.992254376411438,0.128727316856384,0.0366629362106323,0.259669184684753,0.307106375694275,0.105111718177795,0.846077561378479,0.310997128486633,0.773418068885803,0.881213068962097,0.732408165931702,0.279559731483459,0.660784125328064,0.24717915058136,0.378634095191956,0.809359669685364,0.117097496986389,0.979187846183777,0.218812823295593,0.125550627708435,0.666835427284241,0.154825091362,0.212686657905579,0.351816534996033,0.921107172966003,0.56223475933075,0.727592587471008,0.074644923210144,0.202154517173767,0.559507727622986,0.23101007938385,0.632015824317932,0.891781449317932,0.683963894844055,0.50352418422699,0.777446866035461,0.268895506858826,0.608763098716736,0.636060833930969,0.200580716133118,0.78178870677948,0.462406754493713,0.196613430976868,0.158924698829651,0.291844248771667,0.343983292579651,52.96,78.25
0.904087901115417,0.426669001579285,0.11737596988678,0.619033932685852,0.671819806098938,0.574742674827576,0.615363955497742,0.976940274238586,0.207266449928284,0.702854514122009,0.637717127799988,0.0110951662063599,0.894238114356995,0.51721203327179,0.766051650047302,0.482298016548157,0.812337040901184,0.612922549247742,0.364731907844543,0.269823670387268,0.61316978931427,0.490077614784241,0.189458727836609,0.673307061195374,0.690508723258972,0.739374041557312,0.856153845787048,0.406768202781677,0.917821764945984,0.0347341299057007,0.404201865196228,0.54552686214447,0.499146342277527,0.543923735618591,0.75610363483429,0.553470492362976,0.156960129737854,0.348828673362732,0.92797839641571,0.863147377967834,0.586075663566589,0.77783739566803,0.47134792804718,0.503040432929993,0.167346119880676,0.994626879692078,0.614473700523376,0.256327509880066,0.221882700920105,0.956517815589905,0.567243218421936,0.527333855628967,0.527670741081238,0.401504158973694,0.205794453620911,0.470028042793274,0.81299364566803,0.720067620277405,0.00681221485137939,0.102896571159363,0.673328757286072,0.198095202445984,0.492254376411438,0.628727316856384,0.536662936210632,0.759669184684753,0.807106375694275,0.605111718177795,0.346077561378479,0.810997128486633,0.273418068885803,0.381213068962097,0.232408165931702,0.779559731483459,0.160784125328064,0.74717915058136,0.878634095191956,0.309359669685364,0.617097496986389,0.479187846183777,0.718812823295593,0.625550627708435,0.166835427284241,0.654825091362,0.712686657905579,0.851816534996033,0.421107172966003,0.0622347593307495,0.227592587471008,0.574644923210144,0.702154517173767,0.0595077276229858,0.73101007938385,0.132015824317932,0.391781449317932,0.183963894844055,0.00352418422698975,0.277446866035461,0.768895506858826,0.108763098716736,0.136060833930969,0.700580716133118,0.28178870677948,0.962406754493713,0.696613430976868,0.658924698829651,0.791844248771667,0.843983292579651,64.98,86.66
0.654087901115417,0.676669001579285,0.36737596988678,0.369033932685852,0.921819806098938,0.324742674827576,0.865363955497742,0.226940274238586,0.957266449928284,0.952854514122009,0.387717127799988,0.26109516620636,0.144238114356995,0.76721203327179,0.0160516500473022,0.232298016548157,0.562337040901184,0.362922549247742,0.114731907844543,0.519823670387268,0.86316978931427,0.740077614784241,0.439458727836609,0.423307061195374,0.440508723258972,0.989374041557312,0.606153845787048,0.156768202781677,0.167821764945984,0.284734129905701,0.654201865196228,0.79552686214447,0.749146342277527,0.293923735618591,0.50610363483429,0.303470492362976,0.406960129737854,0.0988286733627319,0.67797839641571,0.113147377967834,0.836075663566589,0.0278373956680298,0.22134792804718,0.753040432929993,0.417346119880676,0.244626879692078,0.364473700523376,0.00632750988006592,0.971882700920105,0.206517815589905,0.817243218421936,0.777333855628967,0.277670741081238,0.651504158973694,0.455794453620911,0.720028042793274,0.0629936456680298,0.470067620277405,0.256812214851379,0.852896571159363,0.923328757286072,0.948095202445984,0.242254376411438,0.878727316856384,0.286662936210632,0.00966918468475342,0.557106375694275,0.855111718177795,0.096077561378479,0.560997128486633,0.523418068885803,0.131213068962097,0.482408165931702,0.0295597314834595,0.410784125328064,0.99717915058136,0.628634095191956,0.559359669685364,0.367097496986389,0.229187846183777,0.468812823295593,0.375550627708435,0.416835427284241,0.404825091362,0.462686657905579,0.101816534996033,0.171107172966003,0.81223475933075,0.977592587471008,0.324644923210144,0.952154517173767,0.809507727622986,0.48101007938385,0.382015824317932,0.641781449317932,0.933963894844055,0.75352418422699,0.0274468660354614,0.0188955068588257,0.358763098716736,0.886060833930969,0.950580716133118,0.03178870677948,0.212406754493713,0.446613430976868,0.908924698829651,0.0418442487716675,0.0939832925796509,58.62,83.4
0.154087901115417,0.176669001579285,0.86737596988678,0.869033932685852,0.421819806098938,0.824742674827576,0.365363955497742,0.726940274238586,0.457266449928284,0.452854514122009,0.887717127799988,0.76109516620636,0.644238114356995,0.26721203327179,0.516051650047302,0.732298016548157,0.0623370409011841,0.862922549247742,0.614731907844543,0.0198236703872681,0.36316978931427,0.240077614784241,0.939458727836609,0.923307061195374,0.940508723258972,0.489374041557312,0.106153845787048,0.656768202781677,0.667821764945984,0.784734129905701,0.154201865196228,0.29552686214447,0.249146342277527,0.793923735618591,0.00610363483428955,0.803470492362976,0.906960129737854,0.598828673362732,0.17797839641571,0.613147377967834,0.336075663566589,0.52783739566803,0.72134792804718,0.253040432929993,0.917346119880676,0.744626879692078,0.864473700523376,0.506327509880066,0.471882700920105,0.706517815589905,0.317243218421936,0.277333855628967,0.777670741081238,0.151504158973694,0.955794453620911,0.220028042793274,0.56299364566803,0.970067620277405,0.756812214851379,0.352896571159363,0.423328757286072,0.448095202445984,0.742254376411438,0.378727316856384,0.786662936210632,0.509669184684753,0.0571063756942749,0.355111718177795,0.596077561378479,0.0609971284866333,0.0234180688858032,0.631213068962097,0.982408165931702,0.529559731483459,0.910784125328064,0.49717915058136,0.128634095191956,0.0593596696853638,0.867097496986389,0.729187846183777,0.968812823295593,0.875550627708435,0.916835427284241,0.904825091362,0.962686657905579,0.601816534996033,0.671107172966003,0.31223475933075,0.477592587471008,0.824644923210144,0.452154517173767,0.309507727622986,0.98101007938385,0.882015824317932,0.141781449317932,0.433963894844055,0.25352418422699,0.527446866035461,0.518895506858826,0.858763098716736,0.386060833930969,0.450580716133118,0.53178870677948,0.712406754493713,0.946613430976868,0.408924698829651,0.541844248771667,0.593983292579651,59.08,82.59
0.529087901115417,0.0516690015792847,0.74237596988678,0.744033932685852,0.296819806098938,0.449742674827576,0.740363955497742,0.351940274238586,0.0822664499282837,0.327854514122009,0.762717127799988,0.63609516620636,0.769238114356995,0.89221203327179,0.391051650047302,0.357298016548157,0.437337040901184,0.987922549247742,0.239731907844543,0.644823670387268,0.48816978931427,0.865077614784241,0.564458727836609,0.298307061195374,0.565508723258972,0.364374041557312,0.731153845787048,0.281768202781677,0.792821764945984,0.659734129905701,0.529201865196228,0.92052686214447,0.624146342277527,0.918923735618591,0.38110363483429,0.678470492362976,0.781960129737854,0.223828673362732,0.80297839641571,0.488147377967834,0.211075663566589,0.65283739566803,0.59634792804718,0.378040432929993,0.0423461198806763,0.369626879692078,0.239473700523376,0.131327509880066,0.846882700920105,0.581517815589905,0.942243218421936,0.902333855628967,0.902670741081238,0.776504158973694,0.0807944536209106,0.845028042793274,0.43799364566803,0.345067620277405,0.131812214851379,0.227896571159363,0.298328757286072,0.0730952024459839,0.367254376411438,0.00372731685638428,0.411662936210632,0.384669184684753,0.932106375694275,0.480111718177795,0.221077561378479,0.935997128486633,0.148418068885803,0.506213068962097,0.607408165931702,0.904559731483459,0.535784125328064,0.87217915058136,0.503634095191956,0.934359669685364,0.242097496986389,0.104187846183777,0.343812823295593,0.750550627708435,0.291835427284241,0.779825091362,0.587686657905579,0.726816534996033,0.0461071729660034,0.18723475933075,0.352592587471008,0.199644923210144,0.577154517173767,0.934507727622986,0.85601007938385,0.507015824317932,0.516781449317932,0.0589638948440552,0.37852418422699,0.152446866035461,0.893895506858826,0.233763098716736,0.761060833930969,0.0755807161331177,0.15678870677948,0.837406754493713,0.0716134309768677,0.533924698829651,0.666844248771667,0.968983292579651,67.82,89.31
0.0290879011154175,0.551669001579285,0.24237596988678,0.244033932685852,0.796819806098938,0.949742674827576,0.240363955497742,0.851940274238586,0.582266449928284,0.827854514122009,0.262717127799988,0.13609516620636,0.269238114356995,0.39221203327179,0.891051650047302,0.857298016548157,0.937337040901184,0.487922549247742,0.739731907844543,0.144823670387268,0.98816978931427,0.365077614784241,0.0644587278366089,0.798307061195374,0.0655087232589722,0.864374041557312,0.231153845787048,0.781768202781677,0.292821764945984,0.159734129905701,0.029201865196228,0.42052686214447,0.124146342277527,0.418923735618591,0.88110363483429,0.178470492362976,0.281960129737854,0.723828673362732,0.30297839641571,0.988147377967834,0.711075663566589,0.15283739566803,0.0963479280471802,0.878040432929993,0.542346119880676,0.869626879692078,0.739473700523376,0.631327509880066,0.346882700920105,0.0815178155899048,0.442243218421936,0.402333855628967,0.402670741081238,0.276504158973694,0.580794453620911,0.345028042793274,0.93799364566803,0.845067620277405,0.631812214851379,0.727896571159363,0.798328757286072,0.573095202445984,0.867254376411438,0.503727316856384,0.911662936210632,0.884669184684753,0.432106375694275,0.980111718177795,0.721077561378479,0.435997128486633,0.648418068885803,0.00621306896209717,0.107408165931702,0.404559731483459,0.035784125328064,0.37217915058136,0.00363409519195557,0.434359669685364,0.742097496986389,0.604187846183777,0.843812823295593,0.250550627708435,0.791835427284241,0.279825091362,0.0876866579055786,0.226816534996033,0.546107172966003,0.68723475933075,0.852592587471008,0.699644923210144,0.0771545171737671,0.434507727622986,0.35601007938385,0.00701582431793213,0.0167814493179321,0.558963894844055,0.87852418422699,0.652446866035461,0.393895506858826,0.733763098716736,0.261060833930969,0.575580716133118,0.65678870677948,0.337406754493713,0.571613430976868,0.0339246988296509,0.166844248771667,0.468983292579651,40.75,67.89
0.279087901115417,0.301669001579285,0.49237596988678,0.994033932685852,0.546819806098938,0.199742674827576,0.490363955497742,0.101940274238586,0.332266449928284,0.577854514122009,0.512717127799988,0.38609516620636,0.519238114356995,0.14221203327179,0.141051650047302,0.607298016548157,0.687337040901184,0.737922549247742,0.989731907844543,0.894823670387268,0.73816978931427,0.615077614784241,0.314458727836609,0.0483070611953735,0.815508723258972,0.614374041557312,0.481153845787048,0.531768202781677,0.542821764945984,0.409734129905701,0.779201865196228,0.17052686214447,0.874146342277527,0.668923735618591,0.63110363483429,0.928470492362976,0.031960129737854,0.973828673362732,0.0529783964157104,0.238147377967834,0.961075663566589,0.90283739566803,0.34634792804718,0.628040432929993,0.792346119880676,0.119626879692078,0.489473700523376,0.881327509880066,0.596882700920105,0.831517815589905,0.192243218421936,0.152333855628967,0.652670741081238,0.526504158973694,0.830794453620911,0.595028042793274,0.18799364566803,0.0950676202774048,0.881812214851379,0.477896571159363,0.548328757286072,0.323095202445984,0.617254376411438,0.753727316856384,0.161662936210632,0.134669184684753,0.182106375694275,0.730111718177795,0.971077561378479,0.185997128486633,0.398418068885803,0.256213068962097,0.357408165931702,0.654559731483459,0.285784125328064,0.12217915058136,0.253634095191956,0.684359669685364,0.492097496986389,0.854187846183777,0.0938128232955933,0.500550627708435,0.541835427284241,0.529825091362,0.837686657905579,0.976816534996033,0.796107172966003,0.43723475933075,0.102592587471008,0.449644923210144,0.327154517173767,0.684507727622986,0.60601007938385,0.257015824317932,0.766781449317932,0.308963894844055,0.12852418422699,0.902446866035461,0.643895506858826,0.983763098716736,0.511060833930969,0.825580716133118,0.90678870677948,0.587406754493713,0.321613430976868,0.283924698829651,0.916844248771667,0.718983292579651,65.03,86.62
0.779087901115417,0.801669001579285,0.99237596988678,0.494033932685852,0.046819806098938,0.699742674827576,0.990363955497742,0.601940274238586,0.832266449928284,0.0778545141220093,0.0127171277999878,0.88609516620636,0.0192381143569946,0.64221203327179,0.641051650047302,0.107298016548157,0.187337040901184,0.237922549247742,0.489731907844543,0.394823670387268,0.23816978931427,0.115077614784241,0.814458727836609,0.548307061195374,0.315508723258972,0.114374041557312,0.981153845787048,0.0317682027816772,0.0428217649459839,0.909734129905701,0.279201865196228,0.67052686214447,0.374146342277527,0.168923735618591,0.13110363483429,0.428470492362976,0.531960129737854,0.473828673362732,0.55297839641571,0.738147377967834,0.461075663566589,0.40283739566803,0.84634792804718,0.128040432929993,0.292346119880676,0.619626879692078,0.989473700523376,0.381327509880066,0.096882700920105,0.331517815589905,0.692243218421936,0.652333855628967,0.152670741081238,0.0265041589736938,0.330794453620911,0.0950280427932739,0.68799364566803,0.595067620277405,0.381812214851379,0.977896571159363,0.0483287572860718,0.823095202445984,0.117254376411438,0.253727316856384,0.661662936210632,0.634669184684753,0.682106375694275,0.230111718177795,0.471077561378479,0.685997128486633,0.898418068885803,0.756213068962097,0.857408165931702,0.154559731483459,0.785784125328064,0.62217915058136,0.753634095191956,0.184359669685364,0.992097496986389,0.354187846183777,0.593812823295593,0.000550627708435059,0.0418354272842407,0.0298250913619995,0.337686657905579,0.476816534996033,0.296107172966003,0.93723475933075,0.602592587471008,0.949644923210144,0.827154517173767,0.184507727622986,0.10601007938385,0.757015824317932,0.266781449317932,0.808963894844055,0.62852418422699,0.402446866035461,0.143895506858826,0.483763098716736,0.0110608339309692,0.325580716133118,0.40678870677948,0.0874067544937134,0.821613430976868,0.783924698829651,0.416844248771667,0.218983292579651,62.8,86.23
0.716587901115417,0.364169001579285,0.92987596988678,0.0565339326858521,0.859319806098938,0.262242674827576,0.677863955497742,0.664440274238586,0.144766449928284,0.265354514122009,0.450217127799988,0.44859516620636,0.331738114356995,0.32971203327179,0.328551650047302,0.919798016548157,0.374837040901184,0.925422549247742,0.177231907844543,0.457323670387268,0.55066978931427,0.552577614784241,0.501958727836609,0.110807061195374,0.878008723258972,0.176874041557312,0.0436538457870483,0.219268202781677,0.605321764945984,0.222234129905701,0.966701865196228,0.23302686214447,0.686646342277527,0.731423735618591,0.19360363483429,0.115970492362976,0.844460129737854,0.0363286733627319,0.86547839641571,0.550647377967834,0.648575663566589,0.46533739566803,0.15884792804718,0.190540432929993,0.604846119880676,0.807126879692078,0.551973700523376,0.193827509880066,0.784382700920105,0.769017815589905,0.504743218421936,0.339833855628967,0.215170741081238,0.464004158973694,0.268294453620911,0.782528042793274,0.25049364566803,0.782567620277405,0.819312214851379,0.790396571159363,0.485828757286072,0.885595202445984,0.429754376411438,0.566227316856384,0.599162936210632,0.572169184684753,0.119606375694275,0.792611718177795,0.408577561378479,0.748497128486633,0.835918068885803,0.193713068962097,0.794908165931702,0.717059731483459,0.723284125328064,0.55967915058136,0.816134095191956,0.121859669685364,0.804597496986389,0.166687846183777,0.406312823295593,0.313050627708435,0.979335427284241,0.592325091362,0.400186657905579,0.289316534996033,0.983607172966003,0.87473475933075,0.415092587471008,0.762144923210144,0.389654517173767,0.372007727622986,0.91851007938385,0.694515824317932,0.0792814493179321,0.871463894844055,0.56602418422699,0.714946866035461,0.706395506858826,0.546263098716736,0.698560833930969,0.763080716133118,0.96928870677948,0.149906754493713,0.759113430976868,0.346424698829651,0.479344248771667,0.781483292579651,59.01,83.15
0.216587901115417,0.864169001579285,0.42987596988678,0.556533932685852,0.359319806098938,0.762242674827576,0.177863955497742,0.164440274238586,0.644766449928284,0.765354514122009,0.950217127799988,0.94859516620636,0.831738114356995,0.82971203327179,0.828551650047302,0.419798016548157,0.874837040901184,0.425422549247742,0.677231907844543,0.957323670387268,0.05066978931427,0.0525776147842407,0.00195872783660889,0.610807061195374,0.378008723258972,0.676874041557312,0.543653845787048,0.719268202781677,0.105321764945984,0.722234129905701,0.466701865196228,0.73302686214447,0.186646342277527,0.231423735618591,0.69360363483429,0.615970492362976,0.344460129737854,0.536328673362732,0.36547839641571,0.0506473779678345,0.148575663566589,0.96533739566803,0.65884792804718,0.690540432929993,0.104846119880676,0.307126879692078,0.0519737005233765,0.693827509880066,0.284382700920105,0.269017815589905,0.00474321842193604,0.839833855628967,0.715170741081238,0.964004158973694,0.768294453620911,0.282528042793274,0.75049364566803,0.282567620277405,0.319312214851379,0.290396571159363,0.985828757286072,0.385595202445984,0.929754376411438,0.0662273168563843,0.0991629362106323,0.0721691846847534,0.619606375694275,0.292611718177795,0.908577561378479,0.248497128486633,0.335918068885803,0.693713068962097,0.294908165931702,0.217059731483459,0.223284125328064,0.0596791505813599,0.316134095191956,0.621859669685364,0.304597496986389,0.666687846183777,0.906312823295593,0.813050627708435,0.479335427284241,0.0923250913619995,0.900186657905579,0.789316534996033,0.483607172966003,0.37473475933075,0.915092587471008,0.262144923210144,0.889654517173767,0.872007727622986,0.41851007938385,0.194515824317932,0.579281449317932,0.371463894844055,0.0660241842269897,0.214946866035461,0.206395506858826,0.0462630987167358,0.198560833930969,0.263080716133118,0.46928870677948,0.649906754493713,0.259113430976868,0.846424698829651,0.979344248771667,0.281483292579651,58.05,81.62
0.466587901115417,0.114169001579285,0.17987596988678,0.306533932685852,0.109319806098938,0.0122426748275757,0.427863955497742,0.914440274238586,0.394766449928284,0.515354514122009,0.200217127799988,0.69859516620636,0.0817381143569946,0.57971203327179,0.0785516500473022,0.169798016548157,0.624837040901184,0.675422549247742,0.927231907844543,0.207323670387268,0.30066978931427,0.802577614784241,0.251958727836609,0.360807061195374,0.628008723258972,0.926874041557312,0.793653845787048,0.969268202781677,0.855321764945984,0.972234129905701,0.716701865196228,0.98302686214447,0.936646342277527,0.981423735618591,0.94360363483429,0.365970492362976,0.094460129737854,0.786328673362732,0.11547839641571,0.800647377967834,0.398575663566589,0.21533739566803,0.90884792804718,0.940540432929993,0.354846119880676,0.557126879692078,0.801973700523376,0.943827509880066,0.534382700920105,0.519017815589905,0.254743218421936,0.589833855628967,0.465170741081238,0.214004158973694,0.518294453620911,0.532528042793274,0.000493645668029785,0.532567620277405,0.0693122148513794,0.540396571159363,0.735828757286072,0.635595202445984,0.679754376411438,0.316227316856384,0.849162936210632,0.822169184684753,0.869606375694275,0.0426117181777954,0.658577561378479,0.498497128486633,0.585918068885803,0.943713068962097,0.0449081659317017,0.967059731483459,0.473284125328064,0.30967915058136,0.0661340951919556,0.371859669685364,0.554597496986389,0.916687846183777,0.156312823295593,0.0630506277084351,0.229335427284241,0.842325091362,0.150186657905579,0.0393165349960327,0.233607172966003,0.62473475933075,0.165092587471008,0.512144923210144,0.639654517173767,0.122007727622986,0.66851007938385,0.444515824317932,0.329281449317932,0.621463894844055,0.81602418422699,0.464946866035461,0.956395506858826,0.296263098716736,0.948560833930969,0.0130807161331177,0.21928870677948,0.399906754493713,0.509113430976868,0.596424698829651,0.229344248771667,0.531483292579651,54.89,80.25
0.966587901115417,0.614169001579285,0.67987596988678,0.806533932685852,0.609319806098938,0.512242674827576,0.927863955497742,0.414440274238586,0.894766449928284,0.0153545141220093,0.700217127799988,0.19859516620636,0.581738114356995,0.0797120332717896,0.578551650047302,0.669798016548157,0.124837040901184,0.175422549247742,0.427231907844543,0.707323670387268,0.80066978931427,0.302577614784241,0.751958727836609,0.860807061195374,0.128008723258972,0.426874041557312,0.293653845787048,0.469268202781677,0.355321764945984,0.472234129905701,0.216701865196228,0.48302686214447,0.436646342277527,0.481423735618591,0.44360363483429,0.865970492362976,0.594460129737854,0.286328673362732,0.61547839641571,0.300647377967834,0.898575663566589,0.71533739566803,0.40884792804718,0.440540432929993,0.854846119880676,0.0571268796920776,0.301973700523376,0.443827509880066,0.034382700920105,0.0190178155899048,0.754743218421936,0.0898338556289673,0.965170741081238,0.714004158973694,0.0182944536209106,0.0325280427932739,0.50049364566803,0.0325676202774048,0.569312214851379,0.0403965711593628,0.235828757286072,0.135595202445984,0.179754376411438,0.816227316856384,0.349162936210632,0.322169184684753,0.369606375694275,0.542611718177795,0.158577561378479,0.998497128486633,0.0859180688858032,0.443713068962097,0.544908165931702,0.467059731483459,0.973284125328064,0.80967915058136,0.566134095191956,0.871859669685364,0.0545974969863892,0.416687846183777,0.656312823295593,0.563050627708435,0.729335427284241,0.342325091362,0.650186657905579,0.539316534996033,0.733607172966003,0.12473475933075,0.665092587471008,0.012144923210144,0.139654517173767,0.622007727622986,0.16851007938385,0.944515824317932,0.829281449317932,0.121463894844055,0.31602418422699,0.964946866035461,0.456395506858826,0.796263098716736,0.448560833930969,0.513080716133118,0.71928870677948,0.899906754493713,0.00911343097686768,0.0964246988296509,0.729344248771667,0.0314832925796509,68.96,89.75
0.341587901115417,0.739169001579285,0.80487596988678,0.681533932685852,0.734319806098938,0.137242674827576,0.0528639554977417,0.539440274238586,0.519766449928284,0.140354514122009,0.575217127799988,0.32359516620636,0.956738114356995,0.70471203327179,0.453551650047302,0.294798016548157,0.499837040901184,0.0504225492477417,0.802231907844543,0.0823236703872681,0.92566978931427,0.677577614784241,0.626958727836609,0.485807061195374,0.253008723258972,0.301874041557312,0.918653845787048,0.594268202781677,0.230321764945984,0.0972341299057007,0.591701865196228,0.85802686214447,0.811646342277527,0.356423735618591,0.0686036348342896,0.740970492362976,0.719460129737854,0.911328673362732,0.49047839641571,0.675647377967834,0.523575663566589,0.59033739566803,0.28384792804718,0.315540432929993,0.229846119880676,0.932126879692078,0.676973700523376,0.818827509880066,0.659382700920105,0.144017815589905,0.379743218421936,0.714833855628967,0.840170741081238,0.339004158973694,0.893294453620911,0.907528042793274,0.37549364566803,0.657567620277405,0.444312214851379,0.415396571159363,0.110828757286072,0.260595202445984,0.804754376411438,0.691227316856384,0.974162936210632,0.697169184684753,0.744606375694275,0.667611718177795,0.533577561378479,0.123497128486633,0.210918068885803,0.318713068962097,0.919908165931702,0.0920597314834595,0.598284125328064,0.43467915058136,0.191134095191956,0.246859669685364,0.929597496986389,0.791687846183777,0.0313128232955933,0.688050627708435,0.104335427284241,0.467325091362,0.775186657905579,0.664316534996033,0.108607172966003,0.49973475933075,0.540092587471008,0.887144923210144,0.764654517173767,0.247007727622986,0.0435100793838501,0.569515824317932,0.454281449317932,0.496463894844055,0.44102418422699,0.339946866035461,0.0813955068588257,0.171263098716736,0.823560833930969,0.888080716133118,0.09428870677948,0.524906754493713,0.884113430976868,0.971424698829651,0.604344248771667,0.406483292579651,67.39,88.98
0.841587901115417,0.239169001579285,0.30487596988678,0.181533932685852,0.234319806098938,0.637242674827576,0.552863955497742,0.0394402742385864,0.0197664499282837,0.640354514122009,0.0752171277999878,0.82359516620636,0.456738114356995,0.20471203327179,0.953551650047302,0.794798016548157,0.999837040901184,0.550422549247742,0.302231907844543,0.582323670387268,0.42566978931427,0.177577614784241,0.126958727836609,0.985807061195374,0.753008723258972,0.801874041557312,0.418653845787048,0.0942682027816772,0.730321764945984,0.597234129905701,0.091701865196228,0.35802686214447,0.311646342277527,0.856423735618591,0.56860363483429,0.240970492362976,0.219460129737854,0.411328673362732,0.99047839641571,0.175647377967834,0.0235756635665894,0.0903373956680298,0.78384792804718,0.815540432929993,0.729846119880676,0.432126879692078,0.176973700523376,0.318827509880066,0.159382700920105,0.644017815589905,0.879743218421936,0.214833855628967,0.340170741081238,0.839004158973694,0.393294453620911,0.407528042793274,0.87549364566803,0.157567620277405,0.944312214851379,0.915396571159363,0.610828757286072,0.760595202445984,0.304754376411438,0.191227316856384,0.474162936210632,0.197169184684753,0.244606375694275,0.167611718177795,0.033577561378479,0.623497128486633,0.710918068885803,0.818713068962097,0.419908165931702,0.592059731483459,0.098284125328064,0.93467915058136,0.691134095191956,0.746859669685364,0.429597496986389,0.291687846183777,0.531312823295593,0.188050627708435,0.604335427284241,0.967325091362,0.275186657905579,0.164316534996033,0.608607172966003,0.99973475933075,0.0400925874710083,0.387144923210144,0.264654517173767,0.747007727622986,0.54351007938385,0.0695158243179321,0.954281449317932,0.996463894844055,0.94102418422699,0.839946866035461,0.581395506858826,0.671263098716736,0.323560833930969,0.388080716133118,0.59428870677948,0.0249067544937134,0.384113430976868,0.471424698829651,0.104344248771667,0.906483292579651,53.25,79.51
0.591587901115417,0.989169001579285,0.0548759698867798,0.931533932685852,0.484319806098938,0.387242674827576,0.802863955497742,0.789440274238586,0.769766449928284,0.890354514122009,0.825217127799988,0.57359516620636,0.706738114356995,0.45471203327179,0.203551650047302,0.544798016548157,0.749837040901184,0.300422549247742,0.0522319078445435,0.332323670387268,0.17566978931427,0.927577614784241,0.376958727836609,0.235807061195374,0.00300872325897217,0.551874041557312,0.168653845787048,0.344268202781677,0.480321764945984,0.847234129905701,0.841701865196228,0.10802686214447,0.561646342277527,0.106423735618591,0.81860363483429,0.990970492362976,0.469460129737854,0.161328673362732,0.74047839641571,0.925647377967834,0.273575663566589,0.84033739566803,0.53384792804718,0.565540432929993,0.979846119880676,0.682126879692078,0.926973700523376,0.0688275098800659,0.909382700920105,0.394017815589905,0.629743218421936,0.464833855628967,0.590170741081238,0.0890041589736938,0.143294453620911,0.657528042793274,0.12549364566803,0.907567620277405,0.694312214851379,0.165396571159363,0.860828757286072,0.0105952024459839,0.054754376411438,0.441227316856384,0.724162936210632,0.947169184684753,0.494606375694275,0.417611718177795,0.283577561378479,0.873497128486633,0.460918068885803,0.568713068962097,0.169908165931702,0.342059731483459,0.348284125328064,0.68467915058136,0.941134095191956,0.496859669685364,0.679597496986389,0.0416878461837769,0.281312823295593,0.938050627708435,0.854335427284241,0.217325091362,0.525186657905579,0.914316534996033,0.858607172966003,0.24973475933075,0.790092587471008,0.637144923210144,0.0146545171737671,0.497007727622986,0.29351007938385,0.319515824317932,0.204281449317932,0.246463894844055,0.19102418422699,0.589946866035461,0.331395506858826,0.921263098716736,0.573560833930969,0.138080716133118,0.84428870677948,0.774906754493713,0.634113430976868,0.221424698829651,0.854344248771667,0.156483292579651,66.28,88.4
0.0915879011154175,0.489169001579285,0.55487596988678,0.431533932685852,0.984319806098938,0.887242674827576,0.302863955497742,0.289440274238586,0.269766449928284,0.390354514122009,0.325217127799988,0.0735951662063599,0.206738114356995,0.95471203327179,0.703551650047302,0.0447980165481567,0.249837040901184,0.800422549247742,0.552231907844543,0.832323670387268,0.67566978931427,0.427577614784241,0.876958727836609,0.735807061195374,0.503008723258972,0.051874041557312,0.668653845787048,0.844268202781677,0.980321764945984,0.347234129905701,0.341701865196228,0.60802686214447,0.0616463422775269,0.606423735618591,0.31860363483429,0.490970492362976,0.969460129737854,0.661328673362732,0.24047839641571,0.425647377967834,0.773575663566589,0.34033739566803,0.0338479280471802,0.0655404329299927,0.479846119880676,0.182126879692078,0.426973700523376,0.568827509880066,0.409382700920105,0.894017815589905,0.129743218421936,0.964833855628967,0.0901707410812378,0.589004158973694,0.643294453620911,0.157528042793274,0.62549364566803,0.407567620277405,0.194312214851379,0.665396571159363,0.360828757286072,0.510595202445984,0.554754376411438,0.941227316856384,0.224162936210632,0.447169184684753,0.994606375694275,0.917611718177795,0.783577561378479,0.373497128486633,0.960918068885803,0.0687130689620972,0.669908165931702,0.842059731483459,0.848284125328064,0.18467915058136,0.441134095191956,0.996859669685364,0.179597496986389,0.541687846183777,0.781312823295593,0.438050627708435,0.354335427284241,0.717325091362,0.0251866579055786,0.414316534996033,0.358607172966003,0.74973475933075,0.290092587471008,0.137144923210144,0.514654517173767,0.997007727622986,0.79351007938385,0.819515824317932,0.704281449317932,0.746463894844055,0.69102418422699,0.0899468660354614,0.831395506858826,0.421263098716736,0.0735608339309692,0.638080716133118,0.34428870677948,0.274906754493713,0.134113430976868,0.721424698829651,0.354344248771667,0.656483292579651,39.96,67.36
0.732212901115417,0.0985440015792847,0.44550096988678,0.603408932685852,0.437444806098938,0.902867674827576,0.912238955497742,0.0238152742385864,0.691641449928284,0.312229514122009,0.278342127799988,0.33922016620636,0.0348631143569946,0.47033703327179,0.281676650047302,0.685423016548157,0.515462040901184,0.972297549247742,0.849106907844543,0.00419867038726807,0.41004478931427,0.00570261478424072,0.330083727836609,0.345182061195374,0.424883723258972,0.473749041557312,0.465528845787048,0.703643202781677,0.245946764945984,0.769109129905701,0.482326865196228,0.84240186214447,0.139771342277527,0.497048735618591,0.17797863483429,0.0378454923629761,0.922585129737854,0.176953673362732,0.0998533964157104,0.128772377967834,0.257950663566589,0.51221239566803,0.83072292804718,0.956165432929993,0.276721119880676,0.0415018796920776,0.567598700523376,0.771952509880066,0.862507700920105,0.534642815589905,0.801618218421936,0.355458855628967,0.355795741081238,0.792129158973694,0.221419453620911,0.298153042793274,0.29736864566803,0.173192620277405,0.241187214851379,0.649771571159363,0.532703757286072,0.338720202445984,0.226629376411438,0.331852316856384,0.833537936210632,0.150294184684753,0.478981375694275,0.0582367181777954,0.517952561378479,0.451622128486633,0.914043068885803,0.615588068962097,0.248033165931702,0.670184731483459,0.457659125328064,0.70030415058136,0.300509095191956,0.731234669685364,0.226472496986389,0.432312846183777,0.546937823295593,0.0474256277084351,0.0887104272842407,0.670450091362,0.447061657905579,0.429941534996033,0.967982172966003,0.14035975933075,0.493217587471008,0.027769923210144,0.624029517173767,0.137632727622986,0.46538507938385,0.928890824317932,0.688656449317932,0.512088894844055,0.45664918422699,0.511821866035461,0.0345205068588257,0.843138098716736,0.745435833930969,0.278705716133118,0.60991370677948,0.728031754493713,0.524738430976868,0.362049698829651,0.651219248771667,0.484608292579651,71.3,90.9
0.232212901115417,0.598544001579285,0.94550096988678,0.103408932685852,0.937444806098938,0.402867674827576,0.412238955497742,0.523815274238586,0.191641449928284,0.812229514122009,0.778342127799988,0.83922016620636,0.534863114356995,0.97033703327179,0.781676650047302,0.185423016548157,0.0154620409011841,0.472297549247742,0.349106907844543,0.504198670387268,0.91004478931427,0.505702614784241,0.830083727836609,0.845182061195374,0.924883723258972,0.973749041557312,0.965528845787048,0.203643202781677,0.745946764945984,0.269109129905701,0.982326865196228,0.34240186214447,0.639771342277527,0.997048735618591,0.67797863483429,0.537845492362976,0.422585129737854,0.676953673362732,0.59985339641571,0.628772377967834,0.757950663566589,0.0122123956680298,0.33072292804718,0.456165432929993,0.776721119880676,0.541501879692078,0.0675987005233765,0.271952509880066,0.362507700920105,0.0346428155899048,0.301618218421936,0.855458855628967,0.855795741081238,0.292129158973694,0.721419453620911,0.798153042793274,0.79736864566803,0.673192620277405,0.741187214851379,0.149771571159363,0.0327037572860718,0.838720202445984,0.726629376411438,0.831852316856384,0.333537936210632,0.650294184684753,0.978981375694275,0.558236718177795,0.017952561378479,0.951622128486633,0.414043068885803,0.115588068962097,0.748033165931702,0.170184731483459,0.957659125328064,0.20030415058136,0.800509095191956,0.231234669685364,0.726472496986389,0.932312846183777,0.0469378232955933,0.547425627708435,0.588710427284241,0.170450091362,0.947061657905579,0.929941534996033,0.467982172966003,0.64035975933075,0.993217587471008,0.527769923210144,0.124029517173767,0.637632727622986,0.96538507938385,0.428890824317932,0.188656449317932,0.0120888948440552,0.95664918422699,0.0118218660354614,0.534520506858826,0.343138098716736,0.245435833930969,0.778705716133118,0.10991370677948,0.228031754493713,0.0247384309768677,0.862049698829651,0.151219248771667,0.984608292579651,32.71,60.5
0.482212901115417,0.348544001579285,0.69550096988678,0.853408932685852,0.687444806098938,0.652867674827576,0.162238955497742,0.273815274238586,0.941641449928284,0.562229514122009,0.0283421277999878,0.58922016620636,0.284863114356995,0.72033703327179,0.0316766500473022,0.435423016548157,0.265462040901184,0.722297549247742,0.0991069078445435,0.254198670387268,0.66004478931427,0.255702614784241,0.580083727836609,0.0951820611953735,0.174883723258972,0.723749041557312,0.715528845787048,0.453643202781677,0.495946764945984,0.0191091299057007,0.232326865196228,0.0924018621444702,0.389771342277527,0.247048735618591,0.92797863483429,0.287845492362976,0.172585129737854,0.926953673362732,0.84985339641571,0.378772377967834,0.507950663566589,0.76221239566803,0.0807229280471802,0.206165432929993,0.526721119880676,0.291501879692078,0.817598700523376,0.0219525098800659,0.612507700920105,0.784642815589905,0.051618218421936,0.605458855628967,0.105795741081238,0.542129158973694,0.971419453620911,0.0481530427932739,0.0473686456680298,0.423192620277405,0.991187214851379,0.899771571159363,0.282703757286072,0.0887202024459839,0.976629376411438,0.581852316856384,0.583537936210632,0.400294184684753,0.728981375694275,0.808236718177795,0.267952561378479,0.701622128486633,0.664043068885803,0.365588068962097,0.998033165931702,0.920184731483459,0.707659125328064,0.45030415058136,0.550509095191956,0.981234669685364,0.476472496986389,0.682312846183777,0.796937823295593,0.297425627708435,0.838710427284241,0.920450091362,0.197061657905579,0.179941534996033,0.217982172966003,0.39035975933075,0.243217587471008,0.277769923210144,0.374029517173767,0.387632727622986,0.21538507938385,0.178890824317932,0.938656449317932,0.762088894844055,0.20664918422699,0.261821866035461,0.284520506858826,0.0931380987167358,0.995435833930969,0.528705716133118,0.35991370677948,0.978031754493713,0.774738430976868,0.612049698829651,0.901219248771667,0.234608292579651,63.65,86.45
0.982212901115417,0.848544001579285,0.19550096988678,0.353408932685852,0.187444806098938,0.152867674827576,0.662238955497742,0.773815274238586,0.441641449928284,0.0622295141220093,0.528342127799988,0.0892201662063599,0.784863114356995,0.22033703327179,0.531676650047302,0.935423016548157,0.765462040901184,0.222297549247742,0.599106907844543,0.754198670387268,0.16004478931427,0.755702614784241,0.0800837278366089,0.595182061195374,0.674883723258972,0.223749041557312,0.215528845787048,0.953643202781677,0.995946764945984,0.519109129905701,0.732326865196228,0.59240186214447,0.889771342277527,0.747048735618591,0.42797863483429,0.787845492362976,0.672585129737854,0.426953673362732,0.34985339641571,0.878772377967834,0.00795066356658936,0.26221239566803,0.58072292804718,0.706165432929993,0.0267211198806763,0.791501879692078,0.317598700523376,0.521952509880066,0.112507700920105,0.284642815589905,0.551618218421936,0.105458855628967,0.605795741081238,0.0421291589736938,0.471419453620911,0.548153042793274,0.54736864566803,0.923192620277405,0.491187214851379,0.399771571159363,0.782703757286072,0.588720202445984,0.476629376411438,0.0818523168563843,0.0835379362106323,0.900294184684753,0.228981375694275,0.308236718177795,0.767952561378479,0.201622128486633,0.164043068885803,0.865588068962097,0.498033165931702,0.420184731483459,0.207659125328064,0.95030415058136,0.0505090951919556,0.481234669685364,0.976472496986389,0.182312846183777,0.296937823295593,0.797425627708435,0.338710427284241,0.420450091362,0.697061657905579,0.679941534996033,0.717982172966003,0.89035975933075,0.743217587471008,0.777769923210144,0.874029517173767,0.887632727622986,0.71538507938385,0.678890824317932,0.438656449317932,0.262088894844055,0.70664918422699,0.761821866035461,0.784520506858826,0.593138098716736,0.495435833930969,0.0287057161331177,0.85991370677948,0.478031754493713,0.274738430976868,0.112049698829651,0.401219248771667,0.734608292579651,62.61,85.4
0.357212901115417,0.973544001579285,0.32050096988678,0.228408932685852,0.062444806098938,0.527867674827576,0.287238955497742,0.148815274238586,0.0666414499282837,0.187229514122009,0.653342127799988,0.46422016620636,0.659863114356995,0.59533703327179,0.406676650047302,0.0604230165481567,0.640462040901184,0.0972975492477417,0.224106907844543,0.379198670387268,0.03504478931427,0.130702614784241,0.455083727836609,0.220182061195374,0.799883723258972,0.098749041557312,0.590528845787048,0.0786432027816772,0.620946764945984,0.894109129905701,0.107326865196228,0.21740186214447,0.264771342277527,0.622048735618591,0.0529786348342896,0.662845492362976,0.547585129737854,0.801953673362732,0.72485339641571,0.00377237796783447,0.382950663566589,0.38721239566803,0.70572292804718,0.581165432929993,0.901721119880676,0.166501879692078,0.692598700523376,0.146952509880066,0.737507700920105,0.409642815589905,0.176618218421936,0.730458855628967,0.730795741081238,0.917129158973694,0.596419453620911,0.423153042793274,0.42236864566803,0.298192620277405,0.616187214851379,0.0247715711593628,0.907703757286072,0.963720202445984,0.601629376411438,0.456852316856384,0.708537936210632,0.0252941846847534,0.853981375694275,0.433236718177795,0.392952561378479,0.826622128486633,0.0390430688858032,0.990588068962097,0.123033165931702,0.0451847314834595,0.332659125328064,0.32530415058136,0.675509095191956,0.606234669685364,0.101472496986389,0.557312846183777,0.921937823295593,0.922425627708435,0.963710427284241,0.295450091362,0.822061657905579,0.554941534996033,0.0929821729660034,0.51535975933075,0.618217587471008,0.152769923210144,0.249029517173767,0.262632727622986,0.59038507938385,0.803890824317932,0.813656449317932,0.137088894844055,0.58164918422699,0.386821866035461,0.659520506858826,0.468138098716736,0.870435833930969,0.403705716133118,0.48491370677948,0.103031754493713,0.649738430976868,0.987049698829651,0.276219248771667,0.859608292579651,59.39,83.79
0.857212901115417,0.473544001579285,0.82050096988678,0.728408932685852,0.562444806098938,0.0278676748275757,0.787238955497742,0.648815274238586,0.566641449928284,0.687229514122009,0.153342127799988,0.96422016620636,0.159863114356995,0.0953370332717896,0.906676650047302,0.560423016548157,0.140462040901184,0.597297549247742,0.724106907844543,0.879198670387268,0.53504478931427,0.630702614784241,0.955083727836609,0.720182061195374,0.299883723258972,0.598749041557312,0.0905288457870483,0.578643202781677,0.120946764945984,0.394109129905701,0.607326865196228,0.71740186214447,0.764771342277527,0.122048735618591,0.55297863483429,0.162845492362976,0.047585129737854,0.301953673362732,0.22485339641571,0.503772377967834,0.882950663566589,0.88721239566803,0.20572292804718,0.0811654329299927,0.401721119880676,0.666501879692078,0.192598700523376,0.646952509880066,0.237507700920105,0.909642815589905,0.676618218421936,0.230458855628967,0.230795741081238,0.417129158973694,0.0964194536209106,0.923153042793274,0.92236864566803,0.798192620277405,0.116187214851379,0.524771571159363,0.407703757286072,0.463720202445984,0.101629376411438,0.956852316856384,0.208537936210632,0.525294184684753,0.353981375694275,0.933236718177795,0.892952561378479,0.326622128486633,0.539043068885803,0.490588068962097,0.623033165931702,0.545184731483459,0.832659125328064,0.82530415058136,0.175509095191956,0.106234669685364,0.601472496986389,0.0573128461837769,0.421937823295593,0.422425627708435,0.463710427284241,0.795450091362,0.322061657905579,0.0549415349960327,0.592982172966003,0.0153597593307495,0.118217587471008,0.652769923210144,0.749029517173767,0.762632727622986,0.0903850793838501,0.303890824317932,0.313656449317932,0.637088894844055,0.0816491842269897,0.886821866035461,0.159520506858826,0.968138098716736,0.370435833930969,0.903705716133118,0.98491370677948,0.603031754493713,0.149738430976868,0.487049698829651,0.776219248771667,0.359608292579651,68.68,89.06
0.607212901115417,0.723544001579285,0.57050096988678,0.478408932685852,0.812444806098938,0.777867674827576,0.537238955497742,0.398815274238586,0.316641449928284,0.937229514122009,0.903342127799988,0.71422016620636,0.909863114356995,0.34533703327179,0.156676650047302,0.810423016548157,0.390462040901184,0.347297549247742,0.974106907844543,0.129198670387268,0.78504478931427,0.380702614784241,0.705083727836609,0.470182061195374,0.549883723258972,0.848749041557312,0.340528845787048,0.828643202781677,0.870946764945984,0.144109129905701,0.357326865196228,0.96740186214447,0.0147713422775269,0.872048735618591,0.80297863483429,0.912845492362976,0.297585129737854,0.0519536733627319,0.47485339641571,0.253772377967834,0.632950663566589,0.13721239566803,0.45572292804718,0.331165432929993,0.151721119880676,0.416501879692078,0.942598700523376,0.896952509880066,0.987507700920105,0.159642815589905,0.926618218421936,0.480458855628967,0.980795741081238,0.667129158973694,0.346419453620911,0.173153042793274,0.17236864566803,0.0481926202774048,0.366187214851379,0.274771571159363,0.157703757286072,0.713720202445984,0.351629376411438,0.706852316856384,0.958537936210632,0.275294184684753,0.103981375694275,0.683236718177795,0.642952561378479,0.0766221284866333,0.289043068885803,0.240588068962097,0.873033165931702,0.295184731483459,0.582659125328064,0.57530415058136,0.425509095191956,0.856234669685364,0.351472496986389,0.307312846183777,0.671937823295593,0.672425627708435,0.213710427284241,0.0454500913619995,0.572061657905579,0.804941534996033,0.842982172966003,0.76535975933075,0.868217587471008,0.402769923210144,0.999029517173767,0.0126327276229858,0.84038507938385,0.0538908243179321,0.563656449317932,0.387088894844055,0.83164918422699,0.636821866035461,0.909520506858826,0.718138098716736,0.620435833930969,0.653705716133118,0.73491370677948,0.353031754493713,0.899738430976868,0.237049698829651,0.0262192487716675,0.609608292579651,59.75,83.53
0.107212901115417,0.223544001579285,0.0705009698867798,0.978408932685852,0.312444806098938,0.277867674827576,0.0372389554977417,0.898815274238586,0.816641449928284,0.437229514122009,0.403342127799988,0.21422016620636,0.409863114356995,0.84533703327179,0.656676650047302,0.310423016548157,0.890462040901184,0.847297549247742,0.474106907844543,0.629198670387268,0.28504478931427,0.880702614784241,0.205083727836609,0.970182061195374,0.0498837232589722,0.348749041557312,0.840528845787048,0.328643202781677,0.370946764945984,0.644109129905701,0.857326865196228,0.46740186214447,0.514771342277527,0.372048735618591,0.30297863483429,0.412845492362976,0.797585129737854,0.551953673362732,0.97485339641571,0.753772377967834,0.132950663566589,0.63721239566803,0.95572292804718,0.831165432929993,0.651721119880676,0.916501879692078,0.442598700523376,0.396952509880066,0.487507700920105,0.659642815589905,0.426618218421936,0.980458855628967,0.480795741081238,0.167129158973694,0.846419453620911,0.673153042793274,0.67236864566803,0.548192620277405,0.866187214851379,0.774771571159363,0.657703757286072,0.213720202445984,0.851629376411438,0.206852316856384,0.458537936210632,0.775294184684753,0.603981375694275,0.183236718177795,0.142952561378479,0.576622128486633,0.789043068885803,0.740588068962097,0.373033165931702,0.795184731483459,0.082659125328064,0.0753041505813599,0.925509095191956,0.356234669685364,0.851472496986389,0.807312846183777,0.171937823295593,0.172425627708435,0.713710427284241,0.545450091362,0.0720616579055786,0.304941534996033,0.342982172966003,0.26535975933075,0.368217587471008,0.902769923210144,0.499029517173767,0.512632727622986,0.34038507938385,0.553890824317932,0.0636564493179321,0.887088894844055,0.33164918422699,0.136821866035461,0.409520506858826,0.218138098716736,0.120435833930969,0.153705716133118,0.23491370677948,0.853031754493713,0.399738430976868,0.737049698829651,0.526219248771667,0.109608292579651,63.97,86.02
0.419712901115417,0.661044001579285,0.00800096988677979,0.540908932685852,0.624944806098938,0.715367674827576,0.349738955497742,0.836315274238586,0.129141449928284,0.249729514122009,0.0908421277999878,0.65172016620636,0.222363114356995,0.15783703327179,0.344176650047302,0.747923016548157,0.577962040901184,0.0347975492477417,0.161606907844543,0.691698670387268,0.97254478931427,0.443202614784241,0.392583727836609,0.407682061195374,0.737383723258972,0.411249041557312,0.153028845787048,0.391143202781677,0.808446764945984,0.456609129905701,0.419826865196228,0.90490186214447,0.452271342277527,0.809548735618591,0.36547863483429,0.100345492362976,0.610085129737854,0.989453673362732,0.66235339641571,0.941272377967834,0.945450663566589,0.69971239566803,0.0182229280471802,0.768665432929993,0.464221119880676,0.729001879692078,0.00509870052337646,0.209452509880066,0.675007700920105,0.222142815589905,0.364118218421936,0.0429588556289673,0.418295741081238,0.354629158973694,0.783919453620911,0.485653042793274,0.35986864566803,0.860692620277405,0.428687214851379,0.962271571159363,0.845203757286072,0.0262202024459839,0.664129376411438,0.894352316856384,0.271037936210632,0.962794184684753,0.166481375694275,0.870736718177795,0.205452561378479,0.514122128486633,0.976543068885803,0.303088068962097,0.310533165931702,0.357684731483459,0.395159125328064,0.0128041505813599,0.988009095191956,0.418734669685364,0.913972496986389,0.744812846183777,0.859437823295593,0.484925627708435,0.276210427284241,0.107950091362,0.134561657905579,0.492441534996033,0.905482172966003,0.45285975933075,0.680717587471008,0.840269923210144,0.811529517173767,0.950132727622986,0.65288507938385,0.991390824317932,0.251156449317932,0.949588894844055,0.39414918422699,0.949321866035461,0.972020506858826,0.780638098716736,0.682935833930969,0.716205716133118,0.67241370677948,0.915531754493713,0.462238430976868,0.174549698829651,0.588719248771667,0.922108292579651,59.85,83.11
0.919712901115417,0.161044001579285,0.50800096988678,0.0409089326858521,0.124944806098938,0.215367674827576,0.849738955497742,0.336315274238586,0.629141449928284,0.749729514122009,0.590842127799988,0.15172016620636,0.722363114356995,0.65783703327179,0.844176650047302,0.247923016548157,0.0779620409011841,0.534797549247742,0.661606907844543,0.191698670387268,0.47254478931427,0.943202614784241,0.892583727836609,0.907682061195374,0.237383723258972,0.911249041557312,0.653028845787048,0.891143202781677,0.308446764945984,0.956609129905701,0.919826865196228,0.40490186214447,0.952271342277527,0.309548735618591,0.86547863483429,0.600345492362976,0.110085129737854,0.489453673362732,0.16235339641571,0.441272377967834,0.445450663566589,0.19971239566803,0.51822292804718,0.268665432929993,0.964221119880676,0.229001879692078,0.505098700523376,0.709452509880066,0.175007700920105,0.722142815589905,0.864118218421936,0.542958855628967,0.918295741081238,0.854629158973694,0.283919453620911,0.985653042793274,0.85986864566803,0.360692620277405,0.928687214851379,0.462271571159363,0.345203757286072,0.526220202445984,0.164129376411438,0.394352316856384,0.771037936210632,0.462794184684753,0.666481375694275,0.370736718177795,0.705452561378479,0.0141221284866333,0.476543068885803,0.803088068962097,0.810533165931702,0.857684731483459,0.895159125328064,0.51280415058136,0.488009095191956,0.918734669685364,0.413972496986389,0.244812846183777,0.359437823295593,0.984925627708435,0.776210427284241,0.607950091362,0.634561657905579,0.992441534996033,0.405482172966003,0.95285975933075,0.180717587471008,0.340269923210144,0.311529517173767,0.450132727622986,0.15288507938385,0.491390824317932,0.751156449317932,0.449588894844055,0.89414918422699,0.449321866035461,0.472020506858826,0.280638098716736,0.182935833930969,0.216205716133118,0.17241370677948,0.415531754493713,0.962238430976868,0.674549698829651,0.0887192487716675,0.422108292579651,54.98,81.65
0.669712901115417,0.911044001579285,0.75800096988678,0.790908932685852,0.374944806098938,0.965367674827576,0.599738955497742,0.586315274238586,0.379141449928284,0.999729514122009,0.340842127799988,0.40172016620636,0.472363114356995,0.90783703327179,0.0941766500473022,0.497923016548157,0.327962040901184,0.284797549247742,0.911606907844543,0.941698670387268,0.22254478931427,0.193202614784241,0.642583727836609,0.157682061195374,0.987383723258972,0.661249041557312,0.903028845787048,0.641143202781677,0.558446764945984,0.706609129905701,0.169826865196228,0.15490186214447,0.202271342277527,0.559548735618591,0.61547863483429,0.350345492362976,0.360085129737854,0.239453673362732,0.41235339641571,0.691272377967834,0.195450663566589,0.94971239566803,0.76822292804718,0.0186654329299927,0.714221119880676,0.979001879692078,0.255098700523376,0.959452509880066,0.925007700920105,0.472142815589905,0.614118218421936,0.792958855628967,0.168295741081238,0.104629158973694,0.0339194536209106,0.235653042793274,0.10986864566803,0.610692620277405,0.678687214851379,0.712271571159363,0.0952037572860718,0.276220202445984,0.414129376411438,0.144352316856384,0.0210379362106323,0.712794184684753,0.916481375694275,0.120736718177795,0.955452561378479,0.264122128486633,0.726543068885803,0.553088068962097,0.560533165931702,0.107684731483459,0.645159125328064,0.76280415058136,0.238009095191956,0.168734669685364,0.663972496986389,0.494812846183777,0.609437823295593,0.234925627708435,0.526210427284241,0.357950091362,0.384561657905579,0.242441534996033,0.155482172966003,0.20285975933075,0.930717587471008,0.590269923210144,0.0615295171737671,0.700132727622986,0.90288507938385,0.241390824317932,0.00115644931793213,0.699588894844055,0.14414918422699,0.199321866035461,0.722020506858826,0.0306380987167358,0.932935833930969,0.466205716133118,0.42241370677948,0.665531754493713,0.212238430976868,0.924549698829651,0.838719248771667,0.672108292579651,60.95,84.82
0.169712901115417,0.411044001579285,0.25800096988678,0.290908932685852,0.874944806098938,0.465367674827576,0.0997389554977417,0.0863152742385864,0.879141449928284,0.499729514122009,0.840842127799988,0.90172016620636,0.972363114356995,0.40783703327179,0.594176650047302,0.997923016548157,0.827962040901184,0.784797549247742,0.411606907844543,0.441698670387268,0.72254478931427,0.693202614784241,0.142583727836609,0.657682061195374,0.487383723258972,0.161249041557312,0.403028845787048,0.141143202781677,0.0584467649459839,0.206609129905701,0.669826865196228,0.65490186214447,0.702271342277527,0.0595487356185913,0.11547863483429,0.850345492362976,0.860085129737854,0.739453673362732,0.91235339641571,0.191272377967834,0.695450663566589,0.44971239566803,0.26822292804718,0.518665432929993,0.214221119880676,0.479001879692078,0.755098700523376,0.459452509880066,0.425007700920105,0.972142815589905,0.114118218421936,0.292958855628967,0.668295741081238,0.604629158973694,0.533919453620911,0.735653042793274,0.60986864566803,0.110692620277405,0.178687214851379,0.212271571159363,0.595203757286072,0.776220202445984,0.914129376411438,0.644352316856384,0.521037936210632,0.212794184684753,0.416481375694275,0.620736718177795,0.455452561378479,0.764122128486633,0.226543068885803,0.0530880689620972,0.0605331659317017,0.607684731483459,0.145159125328064,0.26280415058136,0.738009095191956,0.668734669685364,0.163972496986389,0.994812846183777,0.109437823295593,0.734925627708435,0.0262104272842407,0.857950091362,0.884561657905579,0.742441534996033,0.655482172966003,0.70285975933075,0.430717587471008,0.090269923210144,0.561529517173767,0.200132727622986,0.40288507938385,0.741390824317932,0.501156449317932,0.199588894844055,0.64414918422699,0.699321866035461,0.222020506858826,0.530638098716736,0.432935833930969,0.966205716133118,0.92241370677948,0.165531754493713,0.712238430976868,0.424549698829651,0.338719248771667,0.172108292579651,50.7,76.77
0.544712901115417,0.286044001579285,0.13300096988678,0.165908932685852,0.999944806098938,0.840367674827576,0.974738955497742,0.961315274238586,0.504141449928284,0.374729514122009,0.965842127799988,0.52672016620636,0.597363114356995,0.78283703327179,0.469176650047302,0.122923016548157,0.702962040901184,0.909797549247742,0.786606907844543,0.816698670387268,0.59754478931427,0.318202614784241,0.267583727836609,0.0326820611953735,0.112383723258972,0.036249041557312,0.778028845787048,0.766143202781677,0.433446764945984,0.331609129905701,0.044826865196228,0.0299018621444702,0.0772713422775269,0.184548735618591,0.49047863483429,0.725345492362976,0.985085129737854,0.114453673362732,0.0373533964157104,0.816272377967834,0.820450663566589,0.32471239566803,0.39322292804718,0.643665432929993,0.839221119880676,0.604001879692078,0.130098700523376,0.834452509880066,0.800007700920105,0.847142815589905,0.739118218421936,0.917958855628967,0.543295741081238,0.479629158973694,0.408919453620911,0.360653042793274,0.48486864566803,0.735692620277405,0.803687214851379,0.337271571159363,0.720203757286072,0.651220202445984,0.039129376411438,0.769352316856384,0.146037936210632,0.837794184684753,0.541481375694275,0.745736718177795,0.830452561378479,0.139122128486633,0.101543068885803,0.178088068962097,0.435533165931702,0.982684731483459,0.270159125328064,0.88780415058136,0.113009095191956,0.293734669685364,0.788972496986389,0.369812846183777,0.734437823295593,0.609925627708435,0.651210427284241,0.982950091362,0.509561657905579,0.617441534996033,0.0304821729660034,0.82785975933075,0.305717587471008,0.965269923210144,0.436529517173767,0.575132727622986,0.27788507938385,0.866390824317932,0.126156449317932,0.324588894844055,0.51914918422699,0.0743218660354614,0.347020506858826,0.405638098716736,0.807935833930969,0.591205716133118,0.29741370677948,0.290531754493713,0.337238430976868,0.549549698829651,0.463719248771667,0.297108292579651,72.64,91.9
0.158683121204376,0.342335045337677,0.97946971654892,0.121116816997528,0.146096408367157,0.876,0.124,0.876,0.265550553798676,0.306662142276764,0.876,0.31614226102829,0.626818597316742,0.612426936626434,0.124,0.936886966228485,0.386779487133026,0.602428257465363,0.714761435985565,0.234264314174652,0.124,0.0850309729576111,0.697212994098663,0.23341029882431,0.124,0.307242214679718,0.969960749149323,0.255477011203766,0.773522198200226,0.331947386264801,0.263834536075592,0.604728281497955,0.40063601732254,0.164457380771637,0.124,0.199407398700714,0.337918221950531,0.698719084262848,0.351013004779816,0.362409055233002,0.581811249256134,0.863350331783295,0.27763956785202,0.423444926738739,0.729717910289764,0.189144909381866,0.497821390628815,0.124,0.133788406848907,0.367210805416107,0.488010823726654,0.410690724849701,0.996401131153107,0.467185437679291,0.560705840587616,0.850732982158661,0.761543691158295,0.876,0.430811583995819,0.968370735645294,0.444990694522858,0.521324932575226,0.272134006023407,0.945227205753326,0.568727314472198,0.0564349293708801,0.818508684635162,0.497938573360443,0.124,0.4370157122612,0.0267652869224548,0.764263451099396,0.621866643428802,0.160245358943939,0.682521402835846,0.58726042509079,0.204120576381683,0.823597609996796,0.287767827510834,0.342622101306915,0.0461757779121399,0.903719007968903,0.133737027645111,0.786253750324249,0.209838092327118,0.878737986087799,0.0902178883552551,0.587797939777374,0.522236049175262,0.0168135762214661,0.135690271854401,0.0336585640907288,0.482196271419525,0.154383599758148,0.681361138820648,0.518804728984833,0.190039694309235,0.570772349834442,0.0581894516944885,0.0744605660438538,0.876,0.468900859355927,0.72352534532547,0.44135183095932,0.124,0.758711755275726,0.990805923938751,0.649092614650726,37.19,63.39
0.124,0.877125084400177,0.46494334936142,0.0763170123100281,0.098366916179657,0.374260008335114,0.876,0.22902125120163,0.584276139736176,0.459127962589264,0.403047859668732,0.55063933134079,0.127673089504242,0.847412288188934,0.433806478977203,0.514889895915985,0.774352729320526,0.478526890277863,0.190957725048065,0.288585603237152,0.124,0.124,0.298409283161163,0.124,0.311458885669708,0.537833034992218,0.890004694461823,0.671370565891266,0.0717399716377258,0.164344847202301,0.951700747013092,0.200797617435455,0.65832644701004,0.139677107334137,0.511169612407684,0.750066578388214,0.762844979763031,0.374134123325348,0.489562809467316,0.0390447974205017,0.913720428943634,0.425728261470795,0.30193156003952,0.594465434551239,0.124,0.480770885944366,0.301166117191315,0.460724174976349,0.182738602161407,0.107323110103607,0.904148519039154,0.337814748287201,0.627626717090607,0.249534070491791,0.218786895275116,0.558374583721161,0.424995839595795,0.357262074947357,0.963648498058319,0.364244759082794,0.907026827335358,0.919640362262726,0.549843966960907,0.941931307315826,0.876,0.95206481218338,0.301052629947662,0.124,0.124,0.2742959856987,0.185090482234955,0.334453880786896,0.152994573116302,0.787808835506439,0.220729410648346,0.124,0.853168427944183,0.104481399059296,0.539598882198334,0.495332062244415,0.124,0.720003187656403,0.0869840979576111,0.570311367511749,0.0629875063896179,0.0839381814002991,0.110603630542755,0.542753994464874,0.213764369487762,0.0669844746589661,0.125558435916901,0.128263056278229,0.371478497982025,0.947230279445648,0.967127740383148,0.876,0.607642233371735,0.876,0.739708006381989,0.599484980106354,0.700490176677704,0.369657695293427,0.35816890001297,0.82282155752182,0.550840556621552,0.973433434963226,0.526328384876251,0.876,44.74,71.18
0.124,0.169971764087677,0.98874706029892,0.124,0.217873752117157,0.800651609897614,0.147716343402863,0.876,0.182054460048676,0.427267611026764,0.876,0.25998991727829,0.642931878566742,0.577758967876434,0.124,0.876,0.399963080883026,0.903697788715363,0.858804404735565,0.122447907924652,0.124,0.247628629207611,0.609810650348663,0.0258907675743103,0.124,0.304800808429718,0.917714655399323,0.124,0.612877666950226,0.015052855014801,0.572916567325592,0.284904062747955,0.41870242357254,0.124,0.124,0.170598804950714,0.376492440700531,0.598621428012848,0.301696598529816,0.0230535864830017,0.592065155506134,0.897041738033295,0.0730497241020203,0.239362895488739,0.592510879039764,0.132016003131866,0.701434671878815,0.345367729663849,0.124,0.137230336666107,0.466038167476654,0.0684055685997009,0.653139412403107,0.164939343929291,0.954748809337616,0.854150950908661,0.876,0.799522817134857,0.545557677745819,0.764757454395294,0.215986788272858,0.379235088825226,0.596841037273407,0.876,0.616090595722198,0.25223571062088,0.487942278385162,0.560926854610443,0.307995736598969,0.2695352435112,0.0155348181724548,0.876,0.768839299678802,0.550382077693939,0.699611246585846,0.25767058134079,0.298358857631683,0.354359328746796,0.600756108760834,0.303071320056915,0.14822655916214,0.876,0.113717496395111,0.626585781574249,0.124,0.850905954837799,0.243049919605255,0.607817471027374,0.541279017925262,0.124,0.102975428104401,0.156217157840729,0.839129865169525,0.0777234435081482,0.655482232570648,0.512457072734833,0.219824850559235,0.592745006084442,0.0948105454444885,0.0329566597938538,0.876,0.837553203105927,0.60877925157547,0.58148854970932,0.192808330059052,0.937910974025726,0.909262955188751,0.562666833400726,47.42,73.4
0.160758316516876,0.262623131275177,0.60117381811142,0.182518184185028,0.124,0.959220945835114,0.100719273090363,0.81471461057663,0.152147233486176,0.380758821964264,0.876,0.45225065946579,0.459216058254242,0.672363460063934,0.131804525852203,0.988522708415985,0.221130073070526,0.455821812152863,0.619668662548065,0.136485993862152,0.124,0.158395230770111,0.975167095661163,0.21741908788681,0.124,0.588858425617218,0.750112116336823,0.160384237766266,0.876,0.156776487827301,0.321573793888092,0.316520273685455,0.34826785326004,0.124,0.249939143657684,0.218572437763214,0.139553964138031,0.729847013950348,0.336730778217316,0.0793280005455017,0.465478241443634,0.910835683345795,0.48235148191452,0.076154887676239,0.280132949352264,0.547421276569366,0.682025492191315,0.00857573747634888,0.239623367786407,0.0296863913536072,0.00766414403915405,0.290207326412201,0.954042732715607,0.148459851741791,0.562536895275116,0.876,0.796822011470795,0.791099965572357,0.152369201183319,0.696764290332794,0.302046358585358,0.293175518512726,0.514931857585907,0.975134432315826,0.611085712909698,0.29850035905838,0.457546770572662,0.503675878047943,0.0510377287864685,0.2467080950737,0.124,0.876,0.857340276241302,0.555386960506439,0.612819254398346,0.52341765165329,0.511859834194183,0.758045852184296,0.312059819698334,0.378632843494415,0.0470302700996399,0.846712172031403,0.227120816707611,0.587157070636749,0.124,0.427199900150299,0.0695880055427551,0.258330166339874,0.386860072612762,0.124601662158966,0.271554529666901,0.176358759403229,0.545550763607025,0.157923638820648,0.466151177883148,0.272833049297333,0.124,0.734956920146942,0.349327147006989,0.124,0.692677676677704,0.580106914043427,0.33473140001297,0.38507741689682,0.277403056621552,0.876,0.592734634876251,0.796431481838226,65.39,87.85
0.124,0.377003014087677,0.72702831029892,0.124,0.124,0.898307859897614,0.0109975934028625,0.90199488401413,0.342210710048676,0.665548861026764,0.865083992481232,0.39670866727829,0.834338128566742,0.456665217876434,0.124,0.936398684978485,0.208556830883026,0.540416538715363,0.831460654735565,0.134166657924652,0.124,0.298409879207611,0.707466900348663,0.124,0.124,0.386832058429718,0.882558405399323,0.135848104953766,0.890221416950226,0.175209105014801,0.545572817325592,0.327872812747955,0.17260867357254,0.018461287021637,0.124,0.124,0.364773690700531,0.250965178012848,0.219665348529816,0.370709836483002,0.635033905506134,0.876,0.37383097410202,0.188581645488739,0.354229629039764,0.339047253131866,0.853778421878815,0.318023979663849,0.353026688098907,0.313011586666107,0.00119441747665405,0.126999318599701,0.821108162403107,0.637595593929291,0.544592559337616,0.873682200908661,0.876,0.876,0.565088927745819,0.893663704395294,0.344893038272858,0.461266338825226,0.249184787273407,0.592199862003326,0.760621845722198,0.23270446062088,0.655911028385162,0.346083104610443,0.124,0.3828164935112,0.0741285681724548,0.833111107349396,0.788370549678802,0.0621008276939392,0.422267496585846,0.59751433134079,0.599140107631683,0.741078078746796,0.448412358760834,0.455415070056915,0.124,0.915926039218903,0.273873746395111,0.661742031574249,0.202513873577118,0.432937204837799,0.0516436696052551,0.346098721027374,0.592060267925262,0.124,0.474069178104401,0.0741859078407288,0.647723615169525,0.0738171935081482,0.690638482570648,0.235113322734833,0.124,0.706026256084442,0.0205917954444885,0.372800409793854,0.876,0.833646953105927,0.37831050157547,0.38226979970932,0.0717145800590515,0.762129724025726,0.592856705188751,0.504073083400726,53.22,78.5
0.305991470813751,0.785969078540802,0.332527577877045,0.251274287700653,0.447030246257782,0.0661850571632385,0.724407017230988,0.184801280498505,0.560869157314301,0.876,0.758608162403107,0.346507251262665,0.753252923488617,0.125946223735809,0.336669027805328,0.0251743197441101,0.406585395336151,0.124,0.28217476606369,0.125347077846527,0.30058354139328,0.266396939754486,0.697792828083038,0.343975484371185,0.355007469654083,0.876,0.969808161258698,0.124,0.261406719684601,0.476020872592926,0.961924135684967,0.66121631860733,0.0881665349006653,0.045774519443512,0.969268977642059,0.124,0.239132821559906,0.112140715122223,0.984893620014191,0.100354611873627,0.725518524646759,0.43235057592392,0.0178434252738953,0.896558940410614,0.517590224742889,0.492581188678741,0.94322544336319,0.545715630054474,0.165435135364532,0.613884389400482,0.335880696773529,0.464981496334076,0.687776863574982,0.876,0.387701690196991,0.846979320049286,0.50583690404892,0.870659291744232,0.443476378917694,0.658220589160919,0.615187227725983,0.00438767671585083,0.814461886882782,0.876,0.0467241406440735,0.124,0.745419085025787,0.714155614376068,0.0997743010520935,0.046360194683075,0.39099258184433,0.124,0.787485539913177,0.876,0.124,0.401805102825165,0.190357148647308,0.107990920543671,0.335222661495209,0.64032107591629,0.0925319790840149,0.906984388828278,0.544290006160736,0.140166103839874,0.117278277873993,0.575301706790924,0.124,0.469969570636749,0.454578578472137,0.362425148487091,0.457131922245026,0.272702753543854,0.3452028632164,0.244929254055023,0.100520074367523,0.368261516094208,0.124,0.551149547100067,0.688285887241364,0.413297235965729,0.417317569255829,0.908872783184052,0.00749140977859497,0.560828149318695,0.331693828105927,0.648695886135101,0.0324013829231262,0.581252038478851,52.07,78.97
0.432212173938751,0.973713219165802,0.446052968502045,0.375053584575653,0.119637668132782,0.299339354038239,0.876,0.124,0.845781266689301,0.866812288761139,0.614321053028107,0.205638110637665,0.876,0.224334895610809,0.607909262180328,0.0874301791191101,0.439544379711151,0.0334890484809875,0.42353218793869,0.484966218471527,0.26908940076828,0.124,0.643837749958038,0.403789937496185,0.678982079029083,0.876,0.871907770633698,0.124,0.153740704059601,0.770210325717926,0.626230776309967,0.76790577173233,0.134309113025665,0.048948347568512,0.779083430767059,0.159398853778839,0.255978524684906,0.124,0.876,0.225110471248627,0.317559540271759,0.45456737279892,0.0464078783988953,0.595045268535614,0.492932021617889,0.607571423053741,0.89561802148819,0.523010551929474,0.402495682239532,0.890983998775482,0.221867024898529,0.0487217307090759,0.901399910449982,0.876,0.383063018321991,0.876,0.54074901342392,0.976860463619232,0.643427550792694,0.704363167285919,0.360548555850983,0.293694317340851,0.760506808757782,0.954901278018951,0.124,0.124,0.851131975650787,0.585493505001068,0.0179871916770935,0.511448085308075,0.25402969121933,0.124,0.785288274288177,0.876,0.147700846195221,0.294139087200165,0.244800508022308,0.256672561168671,0.358904302120209,0.66009646654129,0.119631588459015,0.840822279453278,0.132424771785736,0.232207119464874,0.400725543498993,0.241561472415924,0.19260436296463,0.338866055011749,0.241443812847137,0.349973976612091,0.241067469120026,0.104001581668854,0.1935915350914,0.201716363430023,0.285334527492523,0.300634562969208,0.0601263642311096,0.480592906475067,0.648490965366364,0.496060907840729,0.146565616130829,0.890562236309052,0.279708206653595,0.458044946193695,0.336820781230927,0.868178308010101,0.314383804798126,0.646925866603851,76.88,93.98
0.961829483509064,0.281040489673615,0.764915883541107,0.876,0.876,0.207435667514801,0.286098301410675,0.894746959209442,0.384645402431488,0.233801424503326,0.625200569629669,0.271022021770477,0.190188348293304,0.0441438555717468,0.227156698703766,0.232190310955048,0.963607490062714,0.536098301410675,0.156640708446503,0.76433938741684,0.290314376354218,0.124,0.0681388974189758,0.822231709957123,0.876,0.0155399441719055,0.122624933719635,0.428526937961578,0.884590923786163,0.712760984897614,0.641779482364655,0.809485971927643,0.980241119861603,0.292860090732574,0.237869441509247,0.272908985614777,0.627209603786469,0.0011635422706604,0.540267765522003,0.217770993709564,0.675332367420197,0.0972217917442322,0.382818400859833,0.876,0.124,0.317120373249054,0.680026590824127,0.618942558765411,0.520064651966095,0.374275624752045,0.641071736812592,0.950348317623138,0.379808723926544,0.585303723812103,0.312704741954803,0.410196483135223,0.779869496822357,0.95755809545517,0.127939879894257,0.229524910449982,0.57250839471817,0.124,0.865807712078094,0.733480989933014,0.770860493183136,0.910179436206818,0.631695330142975,0.0710434317588806,0.802700936794281,0.124,0.278092801570892,0.686123192310333,0.537958562374115,0.986432492733002,0.162028849124908,0.00692290067672729,0.792270600795746,0.170872390270233,0.413423955440521,0.876,0.256029903888702,0.29524427652359,0.818292081356049,0.0308368802070618,0.159102618694305,0.117522776126862,0.948967278003693,0.869307339191437,0.01739901304245,0.271498024463654,0.344842493534088,0.362653315067291,0.0720552802085876,0.876,0.124,0.11992472410202,0.0124731659889221,0.84749048948288,0.948402464389801,0.0811286568641663,0.876,0.124,0.124,0.124,0.415144145488739,0.794005334377289,0.0335152745246887,0.876,65.94,88.78
0.952063858509064,0.111118614673615,0.895775258541107,0.690010249614716,0.882683932781219,0.432045042514801,0.393520176410675,0.939668834209442,0.800661027431488,0.602942049503326,0.892778694629669,0.124537646770477,0.406985223293304,0.00703448057174683,0.397078573703766,0.323987185955048,0.867904365062714,0.612270176410675,0.115625083446503,0.45769876241684,0.315705001354218,0.0117430090904236,0.281029522418976,0.956997334957123,0.751293480396271,0.124,0.124,0.227355062961578,0.870919048786163,0.480339109897614,0.811701357364655,0.807532846927643,0.861100494861603,0.193250715732574,0.169510066509247,0.438924610614777,0.761975228786469,0.15155416727066,0.538314640522003,0.102536618709564,0.466347992420197,0.548393666744232,0.173834025859833,0.944761455059052,0.124,0.041729748249054,0.564792215824127,0.574020683765411,0.283736526966095,0.282478749752045,0.623493611812592,0.815582692623138,0.612230598926544,0.391944348812103,0.0373141169548035,0.400430858135223,0.320885121822357,0.77982372045517,0.188486754894257,0.290071785449982,0.40649276971817,0.137734234333038,0.645104587078094,0.864340364933014,0.876,0.740257561206818,0.633648455142975,0.389402806758881,0.511685311794281,0.124,0.124,0.863857567310333,0.700067937374115,0.879010617733002,0.331950724124908,0.145594775676727,0.794223725795746,0.317356765270233,0.747408330440521,0.810166656970978,0.179858028888702,0.26594740152359,0.777276456356049,0.124,0.204024493694305,0.217132151126862,0.708732903003693,0.876,0.37091463804245,0.0586073994636536,0.366326868534088,0.477887690067291,0.413852155208588,0.720683038234711,0.00672429800033569,0.22734659910202,0.108176290988922,0.77131861448288,0.973793089389801,0.438550531864166,0.876,0.124,0.0863030552864075,0.234457910060883,0.588972270488739,0.901427209377289,0.195624649524689,0.832549035549164,65.31,87.98
0.451743423938751,0.961994469165802,0.778084218502045,0.0508348345756531,0.311043918132782,0.0610581040382385,0.579143345355988,0.124,0.755937516689301,0.909781038761139,0.485414803028107,0.350169360637665,0.876,0.0641786456108093,0.463378012180328,0.0210239291191101,0.138763129711151,0.124,0.45087593793869,0.246684968471527,0.17924565076828,0.124,0.796181499958038,0.204571187496185,0.565700829029083,0.693991482257843,0.875814020633698,0.124,0.124,0.672554075717926,0.786387026309967,0.56087452173233,0.0913403630256653,0.013792097568512,0.876,0.124,0.124,0.0977364182472229,0.979766666889191,0.124,0.587090790271759,0.44284862279892,0.124,0.622389018535614,0.184338271617889,0.752102673053741,0.62608677148819,0.690979301929474,0.242339432239532,0.855827748775482,0.00702327489852905,0.521377980709076,0.733431160449982,0.770926892757416,0.691656768321991,0.593805491924286,0.51340526342392,0.910454213619232,0.475458800792694,0.692644417285919,0.286329805850983,0.124,0.876,0.794745028018951,0.124,0.124,0.706600725650787,0.597212255001068,0.124,0.124729335308075,0.14074844121933,0.124,0.898569524288177,0.876,0.124,0.110545337200165,0.240894258022308,0.299641311168671,0.0659355521202087,0.65619021654129,0.209475338459015,0.915041029453278,0.206643521785736,0.0486133694648743,0.170256793498993,0.518905222415924,0.0168231129646301,0.374022305011749,0.550037562847137,0.439817726612091,0.448098719120026,0.124,0.124,0.424372613430023,0.242365777492523,0.148290812969208,0.21247011423111,0.859499156475067,0.582084715366364,0.437467157840729,0.0645343661308289,0.738218486309052,0.338301956653595,0.883826196193695,0.121977031230927,0.856459558010101,0.326102554798126,0.775832116603851,68.92,89.84
0.876,0.97711592912674,0.489799916744232,0.105446040630341,0.691613376140594,0.745430052280426,0.71917325258255,0.836366832256317,0.124,0.669806063175201,0.565416634082794,0.0618240237236023,0.485812127590179,0.205124080181122,0.505568563938141,0.275006473064423,0.546279609203339,0.01910001039505,0.588555991649628,0.124,0.466675460338593,0.373284757137299,0.146355450153351,0.0241054892539978,0.500408470630646,0.347113430500031,0.69522625207901,0.876,0.124,0.144371092319489,0.89809662103653,0.211982309818268,0.108872711658478,0.477949202060699,0.630783259868622,0.876,0.124,0.124,0.453994572162628,0.209073483943939,0.823983490467072,0.605308949947357,0.856664836406708,0.344633281230927,0.612759292125702,0.207287609577179,0.550113260746002,0.109146416187286,0.78010493516922,0.64518016576767,0.00999873876571655,0.171936452388763,0.497148811817169,0.559760510921478,0.337271392345428,0.168832957744598,0.177788197994232,0.124,0.299112975597382,0.785097420215607,0.695524752140045,0.147835552692413,0.876,0.274527132511139,0.124,0.462089836597443,0.17268043756485,0.323149144649506,0.151303231716156,0.846485316753387,0.233201444149017,0.202633202075958,0.85592120885849,0.905957639217377,0.646007120609283,0.341914355754852,0.0837439894676208,0.000248610973358154,0.473146855831146,0.722245514392853,0.372576534748077,0.973863661289215,0.393029630184174,0.158980190753937,0.30781477689743,0.229186594486237,0.0396960377693176,0.219740688800812,0.643650233745575,0.234541237354279,0.369409143924713,0.279614984989166,0.155398786067963,0.660349786281586,0.0575360655784607,0.124,0.588675558567047,0.118150889873505,0.048347532749176,0.622357904911041,0.377446353435516,0.661298930644989,0.257109940052032,0.920828759670258,0.262098491191864,0.0992726683616638,0.208960831165314,0.876,52.48,79.04
0.876,0.876,0.199028432369232,0.329811275005341,0.807091891765594,0.820869505405426,0.71551114320755,0.876,0.156953752040863,0.956183016300201,0.167223274707794,0.213923633098602,0.718966424465179,0.363571345806122,0.448683798313141,0.0545474886894226,0.923965156078339,0.00713711977005005,0.775323569774628,0.0419577956199646,0.360962569713593,0.193841397762299,0.403435528278351,0.124,0.397136986255646,0.125189602375031,0.59683758020401,0.876,0.124,0.124,0.71035248041153,0.124,0.124,0.493818342685699,0.278000056743622,0.884450733661652,0.141644418239594,0.0701027512550354,0.659316837787628,0.459317624568939,0.902352631092072,0.436607778072357,0.967260539531708,0.679350078105927,0.544155776500702,0.339367687702179,0.671451151371002,0.0747225880622864,0.44685298204422,0.60489696264267,0.453113973140717,0.0349735617637634,0.685869514942169,0.580512464046478,0.0674960017204285,0.334116160869598,0.272758901119232,0.255867421627045,0.147989928722382,0.717470467090607,0.485807955265045,0.240364849567413,0.763909518718719,0.120474398136139,0.012712299823761,0.380302727222443,0.124,0.596830785274506,0.361996591091156,0.565479457378387,0.0923323035240173,0.236080467700958,0.73702472448349,0.696729123592377,0.996348917484283,0.531611621379852,0.443851411342621,0.367191970348358,0.672609746456146,0.560868561267853,0.124,0.927232801914215,0.675500333309174,0.432661831378937,0.69233626127243,0.0575557351112366,0.0228503346443176,0.119398891925812,0.216159999370575,0.673261940479279,0.132836878299713,0.0908942818641663,0.0755648016929626,0.507761895656586,0.124,0.0351163744926453,0.312064230442047,0.223375499248505,0.282478392124176,0.747602045536041,0.338627994060516,0.676191508769989,0.624541580677032,0.896170556545258,0.198377788066864,0.124,0.214087784290314,0.876,67.47,89.3
0.560736954212189,0.35614424943924,0.677666127681732,0.124,0.564294040203094,0.981880247592926,0.25152188539505,0.124,0.876,0.354742586612701,0.171495735645294,0.0905105471611023,0.653170526027679,0.133224666118622,0.414382040500641,0.595929324626923,0.120132148265839,0.07122403383255,0.876,0.978603303432465,0.548340499401093,0.301141202449799,0.247307598590851,0.0808681845664978,0.982464134693146,0.0950382351875305,0.95340496301651,0.0328665375709534,0.109230816364288,0.216758787631989,0.85842376947403,0.383002817630768,0.446641266345978,0.113813459873199,0.169479548931122,0.124,0.663006722927094,0.302158415317535,0.406265079975128,0.416226804256439,0.570443451404572,0.488243520259857,0.412939250469208,0.802274882793427,0.632656753063202,0.037243664264679,0.271426737308502,0.876,0.124,0.876,0.426624715328217,0.154236257076263,0.159624397754669,0.590888440608978,0.635733306407928,0.334482371807098,0.0306934714317322,0.876,0.174235045909882,0.448305428028107,0.281096041202545,0.499275982379913,0.669549167156219,0.689444124698639,0.476701557636261,0.125541985034943,0.82905250787735,0.108183324337006,0.587948739528656,0.124,0.354417264461517,0.0164759755134583,0.74837726354599,0.356275022029877,0.802867472171783,0.833735644817352,0.632938325405121,0.589237868785858,0.340944707393646,0.124,0.323870480060577,0.876,0.154382169246674,0.415938198566437,0.0415794253349304,0.725402414798737,0.165550529956818,0.605116665363312,0.032200038433075,0.496382057666779,0.594628870487213,0.221875727176666,0.124,0.0962628722190857,0.0344647765159607,0.0706388354301453,0.260916769504547,0.481310069561005,0.415901243686676,0.759687006473541,0.262089908123016,0.101850688457489,0.786773025989532,0.480521142482758,0.793226420879364,0.586211144924164,0.0242684483528137,0.876,60.53,85.35
0.462104141712189,0.22040206193924,0.707939565181732,0.0108415484428406,0.998864352703094,0.896919310092926,0.21538907289505,0.124,0.876,0.572516024112701,0.102159798145294,0.0133621096611023,0.685397088527679,0.327560603618622,0.626296103000641,0.675030887126923,0.197280585765839,0.03118497133255,0.932916343212128,0.676845490932465,0.324707686901093,0.397820889949799,0.267815411090851,0.367000997066498,0.973675072193146,0.0393741726875305,0.76883465051651,0.256499350070953,0.170754253864288,0.102500975131989,0.83791595697403,0.415229380130768,0.281602203845978,0.202680647373199,0.0415498614311218,0.0457056164741516,0.531170785427094,0.244541227817535,0.413101017475128,0.315640866756439,0.930795013904572,0.620079457759857,0.347509562969208,0.846220195293427,0.758633315563202,0.124,0.274356424808502,0.734024345874786,0.26826411485672,0.66507762670517,0.175648152828217,0.124,0.275835335254669,0.523505628108978,0.671866118907928,0.759287059307098,0.267998158931732,0.876,0.0189616084098816,0.568422615528107,0.200041353702545,0.302986919879913,0.574822604656219,0.500967562198639,0.268693745136261,0.112846672534943,0.92573219537735,0.220488011837006,0.827206552028656,0.124,0.312425076961517,0.0213587880134583,0.33333820104599,0.122876584529877,0.876,0.876,0.657352387905121,0.572636306285858,0.240358769893646,0.0321820378303528,0.682268917560577,0.734239637851715,0.208093106746674,0.582930386066437,0.124,0.423644602298737,0.124,0.842421352863312,0.087864100933075,0.596967995166779,0.482324182987213,0.124,0.124,0.423411309719086,0.124,0.130209147930145,0.275565207004547,0.624864757061005,0.366096556186676,0.791913568973541,0.216191470623016,0.124,0.942046463489532,0.801810204982758,0.436781108379364,0.887968957424164,0.124,0.876,62.73,86.7
0.761054337024689,0.63800460100174,0.179497182369232,0.0368425250053406,0.873498141765594,0.723213255405426,0.60222989320755,0.876,0.285860002040863,0.631964266300201,0.632067024707794,0.194392383098602,0.629122674465179,0.265915095806122,0.772902548313141,0.253766238689423,0.966933906078339,0.18291836977005,0.583917319774628,0.124,0.599243819713593,0.432122647762299,0.329216778278351,0.124,0.260418236255646,0.124,0.49918133020401,0.752715170383453,0.124,0.00545507669448853,0.77675873041153,0.124,0.198472321033478,0.372724592685699,0.297531306743622,0.661794483661652,0.215863168239594,0.167759001255035,0.538223087787628,0.158536374568939,0.609383881092072,0.510826528072357,0.876,0.300443828105927,0.196499526500702,0.218273937702179,0.339419901371002,0.125503838062286,0.56794673204422,0.47599071264267,0.449207723140717,0.163879811763763,0.385088264942169,0.881293714046478,0.124,0.369272410869598,0.393852651119232,0.205086171627045,0.105021178722382,0.604189217090607,0.763151705265045,0.124,0.955315768718719,0.257193148136139,0.071306049823761,0.165458977222443,0.124,0.608549535274506,0.100277841091156,0.545948207378387,0.111863553524017,0.216549217700958,0.49874347448349,0.942822873592377,0.876,0.308955371379852,0.0883826613426208,0.128910720348358,0.301515996456146,0.728837311267853,0.418230831623077,0.821764051914215,0.616906583309174,0.217818081378937,0.21968001127243,0.389586985111237,0.120506584644318,0.185805141925812,0.188816249370575,0.614668190479279,0.519555628299713,0.360425531864166,0.0950960516929626,0.449168145656586,0.00309270620346069,0.242147624492645,0.370657980442047,0.124,0.124,0.735883295536041,0.530034244060516,0.875410258769989,0.651885330677032,0.626639306545258,0.124,0.0643605589866638,0.0461190342903137,0.637144982814789,54.03,80.8
